&params
dt=0.001,
time_limit=2000,
time_write=1.0,
pade=.false.,
matsu=2,
temp=1.,
gamma=0.1,
lambda=0.01,
rho0(1,:) = (0,0),(0,0),(0,0),(0,0),
rho0(2,:) = (0,0),(1.,0),(0,0),(0,0),
rho0(3,:) = (0,0),(0,0),(0,0),(0,0),
rho0(4,:) = (0,0),(0,0),(0,0),(0,0),
HS(1,:) = (1.0,0),(0,0),(0,0),(0,0),
HS(2,:) = (0,0),(0,0),(0.04,0),(0,0),
HS(3,:) = (0,0),(0.04,0),(0,0),(0,0),
HS(4,:) = (0,0),(0,0),(0,0),(1.0,0),
VI(1,:) = (0,0),(0,0),(1.,0),(0,0),
VI(2,:) = (0,0),(0,0),(0,0),(1.,0),
VI(3,:) = (1.,0),(0,0),(0,0),(0,0),
VI(4,:) = (0,0),(1.,0),(0,0),(0,0)/
