     0.000            NaN
     0.100   0.197508E-02
     0.200   0.661230E-02
     0.300   0.132328E-01
     0.400   0.214403E-01
     0.500   0.309342E-01
     0.600   0.414642E-01
     0.700   0.528125E-01
     0.800   0.647853E-01
     0.900   0.772085E-01
     1.000   0.899250E-01
     1.100   0.102793E+00
     1.200   0.115685E+00
     1.300   0.128488E+00
     1.400   0.141101E+00
     1.500   0.153435E+00
     1.600   0.165412E+00
     1.700   0.176967E+00
     1.800   0.188041E+00
     1.900   0.198588E+00
     2.000   0.208568E+00
     2.100   0.217950E+00
     2.200   0.226709E+00
     2.300   0.234827E+00
     2.400   0.242289E+00
     2.500   0.249089E+00
     2.600   0.255222E+00
     2.700   0.260688E+00
     2.800   0.265491E+00
     2.900   0.269636E+00
     3.000   0.273133E+00
     3.100   0.275992E+00
     3.200   0.278228E+00
     3.300   0.279856E+00
     3.400   0.280894E+00
     3.500   0.281362E+00
     3.600   0.281281E+00
     3.700   0.280676E+00
     3.800   0.279573E+00
     3.900   0.278001E+00
     4.000   0.275990E+00
     4.100   0.273574E+00
     4.200   0.270790E+00
     4.300   0.267677E+00
     4.400   0.264276E+00
     4.500   0.260632E+00
     4.600   0.256792E+00
     4.700   0.252807E+00
     4.800   0.248729E+00
     4.900   0.244611E+00
     5.000   0.240511E+00
     5.100   0.236485E+00
     5.200   0.232591E+00
     5.300   0.228886E+00
     5.400   0.225425E+00
     5.500   0.222263E+00
     5.600   0.219450E+00
     5.700   0.217034E+00
     5.800   0.215054E+00
     5.900   0.213548E+00
     6.000   0.212543E+00
     6.100   0.212060E+00
     6.200   0.212113E+00
     6.300   0.212707E+00
     6.400   0.213837E+00
     6.500   0.215492E+00
     6.600   0.217654E+00
     6.700   0.220295E+00
     6.800   0.223385E+00
     6.900   0.226886E+00
     7.000   0.230757E+00
     7.100   0.234952E+00
     7.200   0.239426E+00
     7.300   0.244129E+00
     7.400   0.249016E+00
     7.500   0.254036E+00
     7.600   0.259145E+00
     7.700   0.264297E+00
     7.800   0.269450E+00
     7.900   0.274564E+00
     8.000   0.279602E+00
     8.100   0.284530E+00
     8.200   0.289316E+00
     8.300   0.293934E+00
     8.400   0.298359E+00
     8.500   0.302570E+00
     8.600   0.306548E+00
     8.700   0.310278E+00
     8.800   0.313748E+00
     8.900   0.316948E+00
     9.000   0.319871E+00
     9.100   0.322512E+00
     9.200   0.324868E+00
     9.300   0.326940E+00
     9.400   0.328730E+00
     9.500   0.330241E+00
     9.600   0.331479E+00
     9.700   0.332452E+00
     9.800   0.333169E+00
     9.900   0.333641E+00
    10.000   0.333880E+00
    10.100   0.333900E+00
    10.200   0.333717E+00
    10.300   0.333347E+00
    10.400   0.332808E+00
    10.500   0.332119E+00
    10.600   0.331300E+00
    10.700   0.330373E+00
    10.800   0.329358E+00
    10.900   0.328279E+00
    11.000   0.327158E+00
    11.100   0.326019E+00
    11.200   0.324885E+00
    11.300   0.323778E+00
    11.400   0.322721E+00
    11.500   0.321736E+00
    11.600   0.320844E+00
    11.700   0.320065E+00
    11.800   0.319417E+00
    11.900   0.318916E+00
    12.000   0.318577E+00
    12.100   0.318414E+00
    12.200   0.318436E+00
    12.300   0.318650E+00
    12.400   0.319064E+00
    12.500   0.319679E+00
    12.600   0.320496E+00
    12.700   0.321513E+00
    12.800   0.322726E+00
    12.900   0.324127E+00
    13.000   0.325708E+00
    13.100   0.327459E+00
    13.200   0.329367E+00
    13.300   0.331417E+00
    13.400   0.333596E+00
    13.500   0.335886E+00
    13.600   0.338271E+00
    13.700   0.340735E+00
    13.800   0.343258E+00
    13.900   0.345825E+00
    14.000   0.348417E+00
    14.100   0.351019E+00
    14.200   0.353614E+00
    14.300   0.356186E+00
    14.400   0.358721E+00
    14.500   0.361205E+00
    14.600   0.363627E+00
    14.700   0.365973E+00
    14.800   0.368235E+00
    14.900   0.370402E+00
    15.000   0.372467E+00
    15.100   0.374424E+00
    15.200   0.376267E+00
    15.300   0.377991E+00
    15.400   0.379594E+00
    15.500   0.381074E+00
    15.600   0.382429E+00
    15.700   0.383661E+00
    15.800   0.384770E+00
    15.900   0.385758E+00
    16.000   0.386630E+00
    16.100   0.387389E+00
    16.200   0.388040E+00
    16.300   0.388590E+00
    16.400   0.389043E+00
    16.500   0.389409E+00
    16.600   0.389695E+00
    16.700   0.389908E+00
    16.800   0.390059E+00
    16.900   0.390156E+00
    17.000   0.390208E+00
    17.100   0.390227E+00
    17.200   0.390220E+00
    17.300   0.390199E+00
    17.400   0.390174E+00
    17.500   0.390154E+00
    17.600   0.390148E+00
    17.700   0.390166E+00
    17.800   0.390217E+00
    17.900   0.390309E+00
    18.000   0.390450E+00
    18.100   0.390646E+00
    18.200   0.390904E+00
    18.300   0.391230E+00
    18.400   0.391627E+00
    18.500   0.392100E+00
    18.600   0.392651E+00
    18.700   0.393283E+00
    18.800   0.393995E+00
    18.900   0.394788E+00
    19.000   0.395662E+00
    19.100   0.396613E+00
    19.200   0.397640E+00
    19.300   0.398739E+00
    19.400   0.399905E+00
    19.500   0.401134E+00
    19.600   0.402421E+00
    19.700   0.403759E+00
    19.800   0.405142E+00
    19.900   0.406564E+00
    20.000   0.408018E+00
    20.100   0.409497E+00
    20.200   0.410993E+00
    20.300   0.412501E+00
    20.400   0.414013E+00
    20.500   0.415522E+00
    20.600   0.417021E+00
    20.700   0.418506E+00
    20.800   0.419969E+00
    20.900   0.421406E+00
    21.000   0.422810E+00
    21.100   0.424179E+00
    21.200   0.425507E+00
    21.300   0.426791E+00
    21.400   0.428028E+00
    21.500   0.429215E+00
    21.600   0.430351E+00
    21.700   0.431434E+00
    21.800   0.432462E+00
    21.900   0.433436E+00
    22.000   0.434355E+00
    22.100   0.435220E+00
    22.200   0.436032E+00
    22.300   0.436792E+00
    22.400   0.437503E+00
    22.500   0.438166E+00
    22.600   0.438784E+00
    22.700   0.439361E+00
    22.800   0.439899E+00
    22.900   0.440401E+00
    23.000   0.440873E+00
    23.100   0.441317E+00
    23.200   0.441737E+00
    23.300   0.442139E+00
    23.400   0.442526E+00
    23.500   0.442902E+00
    23.600   0.443272E+00
    23.700   0.443640E+00
    23.800   0.444011E+00
    23.900   0.444387E+00
    24.000   0.444774E+00
    24.100   0.445175E+00
    24.200   0.445593E+00
    24.300   0.446031E+00
    24.400   0.446492E+00
    24.500   0.446979E+00
    24.600   0.447493E+00
    24.700   0.448038E+00
    24.800   0.448613E+00
    24.900   0.449220E+00
    25.000   0.449860E+00
    25.100   0.450533E+00
    25.200   0.451239E+00
    25.300   0.451977E+00
    25.400   0.452747E+00
    25.500   0.453547E+00
    25.600   0.454376E+00
    25.700   0.455233E+00
    25.800   0.456115E+00
    25.900   0.457020E+00
    26.000   0.457945E+00
    26.100   0.458889E+00
    26.200   0.459848E+00
    26.300   0.460819E+00
    26.400   0.461800E+00
    26.500   0.462788E+00
    26.600   0.463780E+00
    26.700   0.464772E+00
    26.800   0.465763E+00
    26.900   0.466748E+00
    27.000   0.467727E+00
    27.100   0.468695E+00
    27.200   0.469652E+00
    27.300   0.470594E+00
    27.400   0.471519E+00
    27.500   0.472427E+00
    27.600   0.473314E+00
    27.700   0.474181E+00
    27.800   0.475025E+00
    27.900   0.475847E+00
    28.000   0.476644E+00
    28.100   0.477417E+00
    28.200   0.478166E+00
    28.300   0.478890E+00
    28.400   0.479591E+00
    28.500   0.480267E+00
    28.600   0.480920E+00
    28.700   0.481551E+00
    28.800   0.482161E+00
    28.900   0.482751E+00
    29.000   0.483322E+00
    29.100   0.483875E+00
    29.200   0.484413E+00
    29.300   0.484936E+00
    29.400   0.485447E+00
    29.500   0.485948E+00
    29.600   0.486439E+00
    29.700   0.486924E+00
    29.800   0.487404E+00
    29.900   0.487880E+00
    30.000   0.488355E+00
    30.100   0.488831E+00
    30.200   0.489309E+00
    30.300   0.489790E+00
    30.400   0.490277E+00
    30.500   0.490770E+00
    30.600   0.491271E+00
    30.700   0.491782E+00
    30.800   0.492303E+00
    30.900   0.492835E+00
    31.000   0.493378E+00
    31.100   0.493934E+00
    31.200   0.494503E+00
    31.300   0.495085E+00
    31.400   0.495680E+00
    31.500   0.496288E+00
    31.600   0.496910E+00
    31.700   0.497543E+00
    31.800   0.498189E+00
    31.900   0.498846E+00
    32.000   0.499514E+00
    32.100   0.500192E+00
    32.200   0.500878E+00
    32.300   0.501573E+00
    32.400   0.502274E+00
    32.500   0.502981E+00
    32.600   0.503693E+00
    32.700   0.504407E+00
    32.800   0.505124E+00
    32.900   0.505842E+00
    33.000   0.506559E+00
    33.100   0.507274E+00
    33.200   0.507987E+00
    33.300   0.508695E+00
    33.400   0.509399E+00
    33.500   0.510096E+00
    33.600   0.510787E+00
    33.700   0.511469E+00
    33.800   0.512143E+00
    33.900   0.512808E+00
    34.000   0.513463E+00
    34.100   0.514108E+00
    34.200   0.514742E+00
    34.300   0.515365E+00
    34.400   0.515977E+00
    34.500   0.516577E+00
    34.600   0.517166E+00
    34.700   0.517744E+00
    34.800   0.518312E+00
    34.900   0.518868E+00
    35.000   0.519414E+00
    35.100   0.519950E+00
    35.200   0.520477E+00
    35.300   0.520995E+00
    35.400   0.521505E+00
    35.500   0.522008E+00
    35.600   0.522504E+00
    35.700   0.522993E+00
    35.800   0.523478E+00
    35.900   0.523958E+00
    36.000   0.524435E+00
    36.100   0.524908E+00
    36.200   0.525380E+00
    36.300   0.525850E+00
    36.400   0.526321E+00
    36.500   0.526791E+00
    36.600   0.527262E+00
    36.700   0.527735E+00
    36.800   0.528210E+00
    36.900   0.528688E+00
    37.000   0.529169E+00
    37.100   0.529654E+00
    37.200   0.530143E+00
    37.300   0.530636E+00
    37.400   0.531134E+00
    37.500   0.531636E+00
    37.600   0.532144E+00
    37.700   0.532656E+00
    37.800   0.533174E+00
    37.900   0.533696E+00
    38.000   0.534222E+00
    38.100   0.534753E+00
    38.200   0.535289E+00
    38.300   0.535828E+00
    38.400   0.536370E+00
    38.500   0.536916E+00
    38.600   0.537464E+00
    38.700   0.538015E+00
    38.800   0.538567E+00
    38.900   0.539120E+00
    39.000   0.539674E+00
    39.100   0.540228E+00
    39.200   0.540782E+00
    39.300   0.541335E+00
    39.400   0.541886E+00
    39.500   0.542436E+00
    39.600   0.542983E+00
    39.700   0.543527E+00
    39.800   0.544068E+00
    39.900   0.544606E+00
    40.000   0.545139E+00
    40.100   0.545668E+00
    40.200   0.546192E+00
    40.300   0.546712E+00
    40.400   0.547226E+00
    40.500   0.547735E+00
    40.600   0.548239E+00
    40.700   0.548737E+00
    40.800   0.549230E+00
    40.900   0.549717E+00
    41.000   0.550199E+00
    41.100   0.550675E+00
    41.200   0.551147E+00
    41.300   0.551613E+00
    41.400   0.552074E+00
    41.500   0.552531E+00
    41.600   0.552984E+00
    41.700   0.553432E+00
    41.800   0.553876E+00
    41.900   0.554317E+00
    42.000   0.554755E+00
    42.100   0.555190E+00
    42.200   0.555623E+00
    42.300   0.556053E+00
    42.400   0.556482E+00
    42.500   0.556909E+00
    42.600   0.557335E+00
    42.700   0.557760E+00
    42.800   0.558185E+00
    42.900   0.558610E+00
    43.000   0.559035E+00
    43.100   0.559460E+00
    43.200   0.559885E+00
    43.300   0.560312E+00
    43.400   0.560739E+00
    43.500   0.561168E+00
    43.600   0.561597E+00
    43.700   0.562029E+00
    43.800   0.562461E+00
    43.900   0.562895E+00
    44.000   0.563331E+00
    44.100   0.563768E+00
    44.200   0.564206E+00
    44.300   0.564646E+00
    44.400   0.565087E+00
    44.500   0.565530E+00
    44.600   0.565973E+00
    44.700   0.566417E+00
    44.800   0.566862E+00
    44.900   0.567308E+00
    45.000   0.567753E+00
    45.100   0.568199E+00
    45.200   0.568645E+00
    45.300   0.569090E+00
    45.400   0.569535E+00
    45.500   0.569979E+00
    45.600   0.570423E+00
    45.700   0.570865E+00
    45.800   0.571305E+00
    45.900   0.571744E+00
    46.000   0.572181E+00
    46.100   0.572616E+00
    46.200   0.573050E+00
    46.300   0.573480E+00
    46.400   0.573909E+00
    46.500   0.574334E+00
    46.600   0.574757E+00
    46.700   0.575178E+00
    46.800   0.575595E+00
    46.900   0.576010E+00
    47.000   0.576422E+00
    47.100   0.576831E+00
    47.200   0.577237E+00
    47.300   0.577640E+00
    47.400   0.578040E+00
    47.500   0.578438E+00
    47.600   0.578833E+00
    47.700   0.579225E+00
    47.800   0.579615E+00
    47.900   0.580002E+00
    48.000   0.580387E+00
    48.100   0.580770E+00
    48.200   0.581151E+00
    48.300   0.581530E+00
    48.400   0.581907E+00
    48.500   0.582283E+00
    48.600   0.582657E+00
    48.700   0.583030E+00
    48.800   0.583402E+00
    48.900   0.583773E+00
    49.000   0.584143E+00
    49.100   0.584512E+00
    49.200   0.584881E+00
    49.300   0.585249E+00
    49.400   0.585617E+00
    49.500   0.585984E+00
    49.600   0.586351E+00
    49.700   0.586719E+00
    49.800   0.587086E+00
    49.900   0.587453E+00
    50.000   0.587820E+00
    50.100   0.588188E+00
    50.200   0.588555E+00
    50.300   0.588923E+00
    50.400   0.589290E+00
    50.500   0.589658E+00
    50.600   0.590026E+00
    50.700   0.590394E+00
    50.800   0.590762E+00
    50.900   0.591130E+00
    51.000   0.591497E+00
    51.100   0.591865E+00
    51.200   0.592232E+00
    51.300   0.592598E+00
    51.400   0.592965E+00
    51.500   0.593330E+00
    51.600   0.593696E+00
    51.700   0.594060E+00
    51.800   0.594423E+00
    51.900   0.594786E+00
    52.000   0.595148E+00
    52.100   0.595508E+00
    52.200   0.595867E+00
    52.300   0.596225E+00
    52.400   0.596582E+00
    52.500   0.596937E+00
    52.600   0.597291E+00
    52.700   0.597644E+00
    52.800   0.597994E+00
    52.900   0.598344E+00
    53.000   0.598691E+00
    53.100   0.599037E+00
    53.200   0.599381E+00
    53.300   0.599723E+00
    53.400   0.600064E+00
    53.500   0.600403E+00
    53.600   0.600740E+00
    53.700   0.601076E+00
    53.800   0.601410E+00
    53.900   0.601742E+00
    54.000   0.602073E+00
    54.100   0.602402E+00
    54.200   0.602730E+00
    54.300   0.603057E+00
    54.400   0.603382E+00
    54.500   0.603705E+00
    54.600   0.604028E+00
    54.700   0.604349E+00
    54.800   0.604669E+00
    54.900   0.604988E+00
    55.000   0.605306E+00
    55.100   0.605623E+00
    55.200   0.605939E+00
    55.300   0.606254E+00
    55.400   0.606569E+00
    55.500   0.606883E+00
    55.600   0.607196E+00
    55.700   0.607509E+00
    55.800   0.607821E+00
    55.900   0.608132E+00
    56.000   0.608443E+00
    56.100   0.608754E+00
    56.200   0.609064E+00
    56.300   0.609374E+00
    56.400   0.609683E+00
    56.500   0.609992E+00
    56.600   0.610300E+00
    56.700   0.610608E+00
    56.800   0.610916E+00
    56.900   0.611223E+00
    57.000   0.611530E+00
    57.100   0.611836E+00
    57.200   0.612142E+00
    57.300   0.612447E+00
    57.400   0.612752E+00
    57.500   0.613056E+00
    57.600   0.613360E+00
    57.700   0.613663E+00
    57.800   0.613966E+00
    57.900   0.614267E+00
    58.000   0.614568E+00
    58.100   0.614868E+00
    58.200   0.615167E+00
    58.300   0.615466E+00
    58.400   0.615763E+00
    58.500   0.616060E+00
    58.600   0.616356E+00
    58.700   0.616650E+00
    58.800   0.616944E+00
    58.900   0.617237E+00
    59.000   0.617528E+00
    59.100   0.617819E+00
    59.200   0.618108E+00
    59.300   0.618396E+00
    59.400   0.618683E+00
    59.500   0.618969E+00
    59.600   0.619254E+00
    59.700   0.619538E+00
    59.800   0.619821E+00
    59.900   0.620102E+00
    60.000   0.620382E+00
    60.100   0.620662E+00
    60.200   0.620940E+00
    60.300   0.621217E+00
    60.400   0.621493E+00
    60.500   0.621768E+00
    60.600   0.622042E+00
    60.700   0.622315E+00
    60.800   0.622587E+00
    60.900   0.622858E+00
    61.000   0.623128E+00
    61.100   0.623398E+00
    61.200   0.623666E+00
    61.300   0.623934E+00
    61.400   0.624201E+00
    61.500   0.624467E+00
    61.600   0.624732E+00
    61.700   0.624997E+00
    61.800   0.625261E+00
    61.900   0.625524E+00
    62.000   0.625787E+00
    62.100   0.626049E+00
    62.200   0.626310E+00
    62.300   0.626571E+00
    62.400   0.626831E+00
    62.500   0.627091E+00
    62.600   0.627350E+00
    62.700   0.627608E+00
    62.800   0.627866E+00
    62.900   0.628123E+00
    63.000   0.628380E+00
    63.100   0.628636E+00
    63.200   0.628892E+00
    63.300   0.629147E+00
    63.400   0.629402E+00
    63.500   0.629656E+00
    63.600   0.629909E+00
    63.700   0.630162E+00
    63.800   0.630414E+00
    63.900   0.630665E+00
    64.000   0.630916E+00
    64.100   0.631166E+00
    64.200   0.631416E+00
    64.300   0.631665E+00
    64.400   0.631913E+00
    64.500   0.632160E+00
    64.600   0.632407E+00
    64.700   0.632653E+00
    64.800   0.632898E+00
    64.900   0.633142E+00
    65.000   0.633386E+00
    65.100   0.633629E+00
    65.200   0.633871E+00
    65.300   0.634112E+00
    65.400   0.634352E+00
    65.500   0.634592E+00
    65.600   0.634831E+00
    65.700   0.635069E+00
    65.800   0.635306E+00
    65.900   0.635542E+00
    66.000   0.635777E+00
    66.100   0.636012E+00
    66.200   0.636245E+00
    66.300   0.636478E+00
    66.400   0.636710E+00
    66.500   0.636942E+00
    66.600   0.637172E+00
    66.700   0.637402E+00
    66.800   0.637631E+00
    66.900   0.637859E+00
    67.000   0.638086E+00
    67.100   0.638313E+00
    67.200   0.638539E+00
    67.300   0.638764E+00
    67.400   0.638988E+00
    67.500   0.639212E+00
    67.600   0.639435E+00
    67.700   0.639657E+00
    67.800   0.639879E+00
    67.900   0.640100E+00
    68.000   0.640320E+00
    68.100   0.640540E+00
    68.200   0.640759E+00
    68.300   0.640978E+00
    68.400   0.641196E+00
    68.500   0.641413E+00
    68.600   0.641630E+00
    68.700   0.641846E+00
    68.800   0.642061E+00
    68.900   0.642276E+00
    69.000   0.642490E+00
    69.100   0.642704E+00
    69.200   0.642917E+00
    69.300   0.643130E+00
    69.400   0.643342E+00
    69.500   0.643554E+00
    69.600   0.643765E+00
    69.700   0.643975E+00
    69.800   0.644185E+00
    69.900   0.644394E+00
    70.000   0.644603E+00
    70.100   0.644811E+00
    70.200   0.645018E+00
    70.300   0.645225E+00
    70.400   0.645431E+00
    70.500   0.645637E+00
    70.600   0.645842E+00
    70.700   0.646046E+00
    70.800   0.646250E+00
    70.900   0.646453E+00
    71.000   0.646656E+00
    71.100   0.646858E+00
    71.200   0.647059E+00
    71.300   0.647260E+00
    71.400   0.647459E+00
    71.500   0.647659E+00
    71.600   0.647857E+00
    71.700   0.648055E+00
    71.800   0.648253E+00
    71.900   0.648449E+00
    72.000   0.648645E+00
    72.100   0.648841E+00
    72.200   0.649035E+00
    72.300   0.649229E+00
    72.400   0.649423E+00
    72.500   0.649615E+00
    72.600   0.649807E+00
    72.700   0.649999E+00
    72.800   0.650190E+00
    72.900   0.650380E+00
    73.000   0.650569E+00
    73.100   0.650758E+00
    73.200   0.650946E+00
    73.300   0.651134E+00
    73.400   0.651321E+00
    73.500   0.651507E+00
    73.600   0.651693E+00
    73.700   0.651878E+00
    73.800   0.652062E+00
    73.900   0.652246E+00
    74.000   0.652430E+00
    74.100   0.652612E+00
    74.200   0.652795E+00
    74.300   0.652976E+00
    74.400   0.653157E+00
    74.500   0.653338E+00
    74.600   0.653518E+00
    74.700   0.653697E+00
    74.800   0.653876E+00
    74.900   0.654054E+00
    75.000   0.654232E+00
    75.100   0.654409E+00
    75.200   0.654586E+00
    75.300   0.654762E+00
    75.400   0.654938E+00
    75.500   0.655113E+00
    75.600   0.655288E+00
    75.700   0.655462E+00
    75.800   0.655635E+00
    75.900   0.655808E+00
    76.000   0.655981E+00
    76.100   0.656153E+00
    76.200   0.656324E+00
    76.300   0.656495E+00
    76.400   0.656665E+00
    76.500   0.656835E+00
    76.600   0.657004E+00
    76.700   0.657173E+00
    76.800   0.657341E+00
    76.900   0.657509E+00
    77.000   0.657676E+00
    77.100   0.657843E+00
    77.200   0.658009E+00
    77.300   0.658174E+00
    77.400   0.658339E+00
    77.500   0.658504E+00
    77.600   0.658667E+00
    77.700   0.658831E+00
    77.800   0.658994E+00
    77.900   0.659156E+00
    78.000   0.659317E+00
    78.100   0.659479E+00
    78.200   0.659639E+00
    78.300   0.659799E+00
    78.400   0.659959E+00
    78.500   0.660118E+00
    78.600   0.660276E+00
    78.700   0.660434E+00
    78.800   0.660591E+00
    78.900   0.660748E+00
    79.000   0.660904E+00
    79.100   0.661060E+00
    79.200   0.661215E+00
    79.300   0.661369E+00
    79.400   0.661524E+00
    79.500   0.661677E+00
    79.600   0.661830E+00
    79.700   0.661983E+00
    79.800   0.662135E+00
    79.900   0.662286E+00
    80.000   0.662437E+00
    80.100   0.662588E+00
    80.200   0.662737E+00
    80.300   0.662887E+00
    80.400   0.663036E+00
    80.500   0.663184E+00
    80.600   0.663332E+00
    80.700   0.663480E+00
    80.800   0.663627E+00
    80.900   0.663773E+00
    81.000   0.663919E+00
    81.100   0.664065E+00
    81.200   0.664210E+00
    81.300   0.664354E+00
    81.400   0.664498E+00
    81.500   0.664642E+00
    81.600   0.664785E+00
    81.700   0.664927E+00
    81.800   0.665070E+00
    81.900   0.665211E+00
    82.000   0.665352E+00
    82.100   0.665493E+00
    82.200   0.665633E+00
    82.300   0.665773E+00
    82.400   0.665912E+00
    82.500   0.666051E+00
    82.600   0.666190E+00
    82.700   0.666328E+00
    82.800   0.666465E+00
    82.900   0.666602E+00
    83.000   0.666739E+00
    83.100   0.666875E+00
    83.200   0.667010E+00
    83.300   0.667145E+00
    83.400   0.667280E+00
    83.500   0.667414E+00
    83.600   0.667548E+00
    83.700   0.667681E+00
    83.800   0.667814E+00
    83.900   0.667946E+00
    84.000   0.668078E+00
    84.100   0.668209E+00
    84.200   0.668340E+00
    84.300   0.668470E+00
    84.400   0.668600E+00
    84.500   0.668730E+00
    84.600   0.668859E+00
    84.700   0.668987E+00
    84.800   0.669115E+00
    84.900   0.669243E+00
    85.000   0.669370E+00
    85.100   0.669497E+00
    85.200   0.669623E+00
    85.300   0.669749E+00
    85.400   0.669874E+00
    85.500   0.669999E+00
    85.600   0.670124E+00
    85.700   0.670248E+00
    85.800   0.670371E+00
    85.900   0.670494E+00
    86.000   0.670617E+00
    86.100   0.670739E+00
    86.200   0.670861E+00
    86.300   0.670982E+00
    86.400   0.671103E+00
    86.500   0.671223E+00
    86.600   0.671343E+00
    86.700   0.671463E+00
    86.800   0.671582E+00
    86.900   0.671701E+00
    87.000   0.671819E+00
    87.100   0.671937E+00
    87.200   0.672054E+00
    87.300   0.672171E+00
    87.400   0.672288E+00
    87.500   0.672404E+00
    87.600   0.672520E+00
    87.700   0.672635E+00
    87.800   0.672750E+00
    87.900   0.672864E+00
    88.000   0.672978E+00
    88.100   0.673092E+00
    88.200   0.673205E+00
    88.300   0.673318E+00
    88.400   0.673430E+00
    88.500   0.673542E+00
    88.600   0.673654E+00
    88.700   0.673765E+00
    88.800   0.673876E+00
    88.900   0.673986E+00
    89.000   0.674096E+00
    89.100   0.674205E+00
    89.200   0.674314E+00
    89.300   0.674423E+00
    89.400   0.674531E+00
    89.500   0.674639E+00
    89.600   0.674747E+00
    89.700   0.674854E+00
    89.800   0.674960E+00
    89.900   0.675066E+00
    90.000   0.675172E+00
    90.100   0.675278E+00
    90.200   0.675383E+00
    90.300   0.675487E+00
    90.400   0.675592E+00
    90.500   0.675695E+00
    90.600   0.675799E+00
    90.700   0.675902E+00
    90.800   0.676004E+00
    90.900   0.676107E+00
    91.000   0.676208E+00
    91.100   0.676310E+00
    91.200   0.676411E+00
    91.300   0.676512E+00
    91.400   0.676612E+00
    91.500   0.676712E+00
    91.600   0.676811E+00
    91.700   0.676910E+00
    91.800   0.677009E+00
    91.900   0.677107E+00
    92.000   0.677205E+00
    92.100   0.677302E+00
    92.200   0.677400E+00
    92.300   0.677496E+00
    92.400   0.677593E+00
    92.500   0.677689E+00
    92.600   0.677784E+00
    92.700   0.677879E+00
    92.800   0.677974E+00
    92.900   0.678069E+00
    93.000   0.678163E+00
    93.100   0.678256E+00
    93.200   0.678350E+00
    93.300   0.678443E+00
    93.400   0.678535E+00
    93.500   0.678628E+00
    93.600   0.678719E+00
    93.700   0.678811E+00
    93.800   0.678902E+00
    93.900   0.678993E+00
    94.000   0.679083E+00
    94.100   0.679173E+00
    94.200   0.679263E+00
    94.300   0.679352E+00
    94.400   0.679441E+00
    94.500   0.679529E+00
    94.600   0.679618E+00
    94.700   0.679705E+00
    94.800   0.679793E+00
    94.900   0.679880E+00
    95.000   0.679967E+00
    95.100   0.680053E+00
    95.200   0.680139E+00
    95.300   0.680225E+00
    95.400   0.680310E+00
    95.500   0.680395E+00
    95.600   0.680480E+00
    95.700   0.680564E+00
    95.800   0.680648E+00
    95.900   0.680731E+00
    96.000   0.680814E+00
    96.100   0.680897E+00
    96.200   0.680980E+00
    96.300   0.681062E+00
    96.400   0.681144E+00
    96.500   0.681225E+00
    96.600   0.681306E+00
    96.700   0.681387E+00
    96.800   0.681467E+00
    96.900   0.681547E+00
    97.000   0.681627E+00
    97.100   0.681707E+00
    97.200   0.681786E+00
    97.300   0.681864E+00
    97.400   0.681943E+00
    97.500   0.682021E+00
    97.600   0.682098E+00
    97.700   0.682176E+00
    97.800   0.682253E+00
    97.900   0.682329E+00
    98.000   0.682405E+00
    98.100   0.682481E+00
    98.200   0.682557E+00
    98.300   0.682632E+00
    98.400   0.682707E+00
    98.500   0.682782E+00
    98.600   0.682856E+00
    98.700   0.682930E+00
    98.800   0.683004E+00
    98.900   0.683077E+00
    99.000   0.683150E+00
    99.100   0.683223E+00
    99.200   0.683295E+00
    99.300   0.683367E+00
    99.400   0.683439E+00
    99.500   0.683510E+00
    99.600   0.683581E+00
    99.700   0.683652E+00
    99.800   0.683722E+00
    99.900   0.683792E+00
   100.000   0.683862E+00
   100.100   0.683931E+00
   100.200   0.684000E+00
   100.300   0.684069E+00
   100.400   0.684138E+00
   100.500   0.684206E+00
   100.600   0.684274E+00
   100.700   0.684341E+00
   100.800   0.684408E+00
   100.900   0.684475E+00
   101.000   0.684542E+00
   101.100   0.684608E+00
   101.200   0.684674E+00
   101.300   0.684740E+00
   101.400   0.684805E+00
   101.500   0.684870E+00
   101.600   0.684935E+00
   101.700   0.684999E+00
   101.800   0.685063E+00
   101.900   0.685127E+00
   102.000   0.685190E+00
   102.100   0.685254E+00
   102.200   0.685316E+00
   102.300   0.685379E+00
   102.400   0.685441E+00
   102.500   0.685503E+00
   102.600   0.685565E+00
   102.700   0.685626E+00
   102.800   0.685687E+00
   102.900   0.685748E+00
   103.000   0.685808E+00
   103.100   0.685868E+00
   103.200   0.685928E+00
   103.300   0.685988E+00
   103.400   0.686047E+00
   103.500   0.686106E+00
   103.600   0.686165E+00
   103.700   0.686223E+00
   103.800   0.686281E+00
   103.900   0.686339E+00
   104.000   0.686396E+00
   104.100   0.686454E+00
   104.200   0.686510E+00
   104.300   0.686567E+00
   104.400   0.686623E+00
   104.500   0.686679E+00
   104.600   0.686735E+00
   104.700   0.686791E+00
   104.800   0.686846E+00
   104.900   0.686901E+00
   105.000   0.686955E+00
   105.100   0.687009E+00
   105.200   0.687063E+00
   105.300   0.687117E+00
   105.400   0.687171E+00
   105.500   0.687224E+00
   105.600   0.687277E+00
   105.700   0.687329E+00
   105.800   0.687382E+00
   105.900   0.687434E+00
   106.000   0.687485E+00
   106.100   0.687537E+00
   106.200   0.687588E+00
   106.300   0.687639E+00
   106.400   0.687690E+00
   106.500   0.687740E+00
   106.600   0.687790E+00
   106.700   0.687840E+00
   106.800   0.687889E+00
   106.900   0.687939E+00
   107.000   0.687988E+00
   107.100   0.688036E+00
   107.200   0.688085E+00
   107.300   0.688133E+00
   107.400   0.688181E+00
   107.500   0.688229E+00
   107.600   0.688276E+00
   107.700   0.688323E+00
   107.800   0.688370E+00
   107.900   0.688416E+00
   108.000   0.688463E+00
   108.100   0.688509E+00
   108.200   0.688554E+00
   108.300   0.688600E+00
   108.400   0.688645E+00
   108.500   0.688690E+00
   108.600   0.688735E+00
   108.700   0.688779E+00
   108.800   0.688823E+00
   108.900   0.688867E+00
   109.000   0.688911E+00
   109.100   0.688954E+00
   109.200   0.688998E+00
   109.300   0.689040E+00
   109.400   0.689083E+00
   109.500   0.689125E+00
   109.600   0.689168E+00
   109.700   0.689209E+00
   109.800   0.689251E+00
   109.900   0.689292E+00
   110.000   0.689333E+00
   110.100   0.689374E+00
   110.200   0.689415E+00
   110.300   0.689455E+00
   110.400   0.689495E+00
   110.500   0.689535E+00
   110.600   0.689574E+00
   110.700   0.689614E+00
   110.800   0.689653E+00
   110.900   0.689692E+00
   111.000   0.689730E+00
   111.100   0.689769E+00
   111.200   0.689807E+00
   111.300   0.689844E+00
   111.400   0.689882E+00
   111.500   0.689919E+00
   111.600   0.689956E+00
   111.700   0.689993E+00
   111.800   0.690030E+00
   111.900   0.690066E+00
   112.000   0.690102E+00
   112.100   0.690138E+00
   112.200   0.690174E+00
   112.300   0.690209E+00
   112.400   0.690244E+00
   112.500   0.690279E+00
   112.600   0.690314E+00
   112.700   0.690348E+00
   112.800   0.690382E+00
   112.900   0.690416E+00
   113.000   0.690450E+00
   113.100   0.690483E+00
   113.200   0.690517E+00
   113.300   0.690550E+00
   113.400   0.690582E+00
   113.500   0.690615E+00
   113.600   0.690647E+00
   113.700   0.690679E+00
   113.800   0.690711E+00
   113.900   0.690743E+00
   114.000   0.690774E+00
   114.100   0.690805E+00
   114.200   0.690836E+00
   114.300   0.690867E+00
   114.400   0.690897E+00
   114.500   0.690927E+00
   114.600   0.690957E+00
   114.700   0.690987E+00
   114.800   0.691016E+00
   114.900   0.691046E+00
   115.000   0.691075E+00
   115.100   0.691104E+00
   115.200   0.691132E+00
   115.300   0.691161E+00
   115.400   0.691189E+00
   115.500   0.691217E+00
   115.600   0.691244E+00
   115.700   0.691272E+00
   115.800   0.691299E+00
   115.900   0.691326E+00
   116.000   0.691353E+00
   116.100   0.691380E+00
   116.200   0.691406E+00
   116.300   0.691432E+00
   116.400   0.691458E+00
   116.500   0.691484E+00
   116.600   0.691509E+00
   116.700   0.691535E+00
   116.800   0.691560E+00
   116.900   0.691584E+00
   117.000   0.691609E+00
   117.100   0.691633E+00
   117.200   0.691658E+00
   117.300   0.691682E+00
   117.400   0.691705E+00
   117.500   0.691729E+00
   117.600   0.691752E+00
   117.700   0.691775E+00
   117.800   0.691798E+00
   117.900   0.691821E+00
   118.000   0.691844E+00
   118.100   0.691866E+00
   118.200   0.691888E+00
   118.300   0.691910E+00
   118.400   0.691931E+00
   118.500   0.691953E+00
   118.600   0.691974E+00
   118.700   0.691995E+00
   118.800   0.692016E+00
   118.900   0.692037E+00
   119.000   0.692057E+00
   119.100   0.692077E+00
   119.200   0.692097E+00
   119.300   0.692117E+00
   119.400   0.692137E+00
   119.500   0.692156E+00
   119.600   0.692175E+00
   119.700   0.692194E+00
   119.800   0.692213E+00
   119.900   0.692231E+00
   120.000   0.692250E+00
   120.100   0.692268E+00
   120.200   0.692286E+00
   120.300   0.692304E+00
   120.400   0.692321E+00
   120.500   0.692339E+00
   120.600   0.692356E+00
   120.700   0.692373E+00
   120.800   0.692389E+00
   120.900   0.692406E+00
   121.000   0.692422E+00
   121.100   0.692439E+00
   121.200   0.692455E+00
   121.300   0.692470E+00
   121.400   0.692486E+00
   121.500   0.692501E+00
   121.600   0.692517E+00
   121.700   0.692532E+00
   121.800   0.692546E+00
   121.900   0.692561E+00
   122.000   0.692575E+00
   122.100   0.692590E+00
   122.200   0.692604E+00
   122.300   0.692618E+00
   122.400   0.692631E+00
   122.500   0.692645E+00
   122.600   0.692658E+00
   122.700   0.692671E+00
   122.800   0.692684E+00
   122.900   0.692697E+00
   123.000   0.692709E+00
   123.100   0.692722E+00
   123.200   0.692734E+00
   123.300   0.692746E+00
   123.400   0.692758E+00
   123.500   0.692769E+00
   123.600   0.692781E+00
   123.700   0.692792E+00
   123.800   0.692803E+00
   123.900   0.692814E+00
   124.000   0.692825E+00
   124.100   0.692835E+00
   124.200   0.692845E+00
   124.300   0.692855E+00
   124.400   0.692865E+00
   124.500   0.692875E+00
   124.600   0.692885E+00
   124.700   0.692894E+00
   124.800   0.692903E+00
   124.900   0.692913E+00
   125.000   0.692921E+00
   125.100   0.692930E+00
   125.200   0.692939E+00
   125.300   0.692947E+00
   125.400   0.692955E+00
   125.500   0.692963E+00
   125.600   0.692971E+00
   125.700   0.692979E+00
   125.800   0.692986E+00
   125.900   0.692993E+00
   126.000   0.693000E+00
   126.100   0.693007E+00
   126.200   0.693014E+00
   126.300   0.693021E+00
   126.400   0.693027E+00
   126.500   0.693033E+00
   126.600   0.693039E+00
   126.700   0.693045E+00
   126.800   0.693051E+00
   126.900   0.693057E+00
   127.000   0.693062E+00
   127.100   0.693067E+00
   127.200   0.693072E+00
   127.300   0.693077E+00
   127.400   0.693082E+00
   127.500   0.693086E+00
   127.600   0.693091E+00
   127.700   0.693095E+00
   127.800   0.693099E+00
   127.900   0.693103E+00
   128.000   0.693107E+00
   128.100   0.693110E+00
   128.200   0.693114E+00
   128.300   0.693117E+00
   128.400   0.693120E+00
   128.500   0.693123E+00
   128.600   0.693126E+00
   128.700   0.693128E+00
   128.800   0.693130E+00
   128.900   0.693133E+00
   129.000   0.693135E+00
   129.100   0.693137E+00
   129.200   0.693138E+00
   129.300   0.693140E+00
   129.400   0.693141E+00
   129.500   0.693143E+00
   129.600   0.693144E+00
   129.700   0.693145E+00
   129.800   0.693146E+00
   129.900   0.693146E+00
   130.000   0.693147E+00
   130.100   0.693147E+00
   130.200   0.693147E+00
   130.300   0.693147E+00
   130.400   0.693147E+00
   130.500   0.693147E+00
   130.600   0.693146E+00
   130.700   0.693146E+00
   130.800   0.693145E+00
   130.900   0.693144E+00
   131.000   0.693143E+00
   131.100   0.693142E+00
   131.200   0.693140E+00
   131.300   0.693139E+00
   131.400   0.693137E+00
   131.500   0.693135E+00
   131.600   0.693133E+00
   131.700   0.693131E+00
   131.800   0.693129E+00
   131.900   0.693126E+00
   132.000   0.693124E+00
   132.100   0.693121E+00
   132.200   0.693118E+00
   132.300   0.693115E+00
   132.400   0.693112E+00
   132.500   0.693108E+00
   132.600   0.693105E+00
   132.700   0.693101E+00
   132.800   0.693097E+00
   132.900   0.693093E+00
   133.000   0.693089E+00
   133.100   0.693085E+00
   133.200   0.693081E+00
   133.300   0.693076E+00
   133.400   0.693071E+00
   133.500   0.693067E+00
   133.600   0.693062E+00
   133.700   0.693056E+00
   133.800   0.693051E+00
   133.900   0.693046E+00
   134.000   0.693040E+00
   134.100   0.693035E+00
   134.200   0.693029E+00
   134.300   0.693023E+00
   134.400   0.693017E+00
   134.500   0.693010E+00
   134.600   0.693004E+00
   134.700   0.692997E+00
   134.800   0.692991E+00
   134.900   0.692984E+00
   135.000   0.692977E+00
   135.100   0.692970E+00
   135.200   0.692963E+00
   135.300   0.692955E+00
   135.400   0.692948E+00
   135.500   0.692940E+00
   135.600   0.692932E+00
   135.700   0.692924E+00
   135.800   0.692916E+00
   135.900   0.692908E+00
   136.000   0.692900E+00
   136.100   0.692891E+00
   136.200   0.692883E+00
   136.300   0.692874E+00
   136.400   0.692865E+00
   136.500   0.692856E+00
   136.600   0.692847E+00
   136.700   0.692838E+00
   136.800   0.692828E+00
   136.900   0.692819E+00
   137.000   0.692809E+00
   137.100   0.692799E+00
   137.200   0.692789E+00
   137.300   0.692779E+00
   137.400   0.692769E+00
   137.500   0.692759E+00
   137.600   0.692748E+00
   137.700   0.692738E+00
   137.800   0.692727E+00
   137.900   0.692716E+00
   138.000   0.692705E+00
   138.100   0.692694E+00
   138.200   0.692683E+00
   138.300   0.692671E+00
   138.400   0.692660E+00
   138.500   0.692648E+00
   138.600   0.692637E+00
   138.700   0.692625E+00
   138.800   0.692613E+00
   138.900   0.692600E+00
   139.000   0.692588E+00
   139.100   0.692576E+00
   139.200   0.692563E+00
   139.300   0.692551E+00
   139.400   0.692538E+00
   139.500   0.692525E+00
   139.600   0.692512E+00
   139.700   0.692499E+00
   139.800   0.692486E+00
   139.900   0.692472E+00
   140.000   0.692459E+00
   140.100   0.692445E+00
   140.200   0.692431E+00
   140.300   0.692418E+00
   140.400   0.692404E+00
   140.500   0.692389E+00
   140.600   0.692375E+00
   140.700   0.692361E+00
   140.800   0.692346E+00
   140.900   0.692332E+00
   141.000   0.692317E+00
   141.100   0.692302E+00
   141.200   0.692287E+00
   141.300   0.692272E+00
   141.400   0.692257E+00
   141.500   0.692242E+00
   141.600   0.692226E+00
   141.700   0.692211E+00
   141.800   0.692195E+00
   141.900   0.692179E+00
   142.000   0.692163E+00
   142.100   0.692147E+00
   142.200   0.692131E+00
   142.300   0.692115E+00
   142.400   0.692099E+00
   142.500   0.692082E+00
   142.600   0.692066E+00
   142.700   0.692049E+00
   142.800   0.692032E+00
   142.900   0.692015E+00
   143.000   0.691998E+00
   143.100   0.691981E+00
   143.200   0.691964E+00
   143.300   0.691946E+00
   143.400   0.691929E+00
   143.500   0.691911E+00
   143.600   0.691893E+00
   143.700   0.691876E+00
   143.800   0.691858E+00
   143.900   0.691840E+00
   144.000   0.691821E+00
   144.100   0.691803E+00
   144.200   0.691785E+00
   144.300   0.691766E+00
   144.400   0.691748E+00
   144.500   0.691729E+00
   144.600   0.691710E+00
   144.700   0.691691E+00
   144.800   0.691672E+00
   144.900   0.691653E+00
   145.000   0.691634E+00
   145.100   0.691614E+00
   145.200   0.691595E+00
   145.300   0.691575E+00
   145.400   0.691556E+00
   145.500   0.691536E+00
   145.600   0.691516E+00
   145.700   0.691496E+00
   145.800   0.691476E+00
   145.900   0.691456E+00
   146.000   0.691435E+00
   146.100   0.691415E+00
   146.200   0.691394E+00
   146.300   0.691374E+00
   146.400   0.691353E+00
   146.500   0.691332E+00
   146.600   0.691311E+00
   146.700   0.691290E+00
   146.800   0.691269E+00
   146.900   0.691248E+00
   147.000   0.691226E+00
   147.100   0.691205E+00
   147.200   0.691183E+00
   147.300   0.691162E+00
   147.400   0.691140E+00
   147.500   0.691118E+00
   147.600   0.691096E+00
   147.700   0.691074E+00
   147.800   0.691052E+00
   147.900   0.691030E+00
   148.000   0.691007E+00
   148.100   0.690985E+00
   148.200   0.690962E+00
   148.300   0.690940E+00
   148.400   0.690917E+00
   148.500   0.690894E+00
   148.600   0.690871E+00
   148.700   0.690848E+00
   148.800   0.690825E+00
   148.900   0.690802E+00
   149.000   0.690778E+00
   149.100   0.690755E+00
   149.200   0.690731E+00
   149.300   0.690708E+00
   149.400   0.690684E+00
   149.500   0.690660E+00
   149.600   0.690636E+00
   149.700   0.690612E+00
   149.800   0.690588E+00
   149.900   0.690564E+00
   150.000   0.690540E+00
   150.100   0.690515E+00
   150.200   0.690491E+00
   150.300   0.690466E+00
   150.400   0.690442E+00
   150.500   0.690417E+00
   150.600   0.690392E+00
   150.700   0.690367E+00
   150.800   0.690342E+00
   150.900   0.690317E+00
   151.000   0.690292E+00
   151.100   0.690266E+00
   151.200   0.690241E+00
   151.300   0.690216E+00
   151.400   0.690190E+00
   151.500   0.690164E+00
   151.600   0.690139E+00
   151.700   0.690113E+00
   151.800   0.690087E+00
   151.900   0.690061E+00
   152.000   0.690035E+00
   152.100   0.690008E+00
   152.200   0.689982E+00
   152.300   0.689956E+00
   152.400   0.689929E+00
   152.500   0.689903E+00
   152.600   0.689876E+00
   152.700   0.689849E+00
   152.800   0.689823E+00
   152.900   0.689796E+00
   153.000   0.689769E+00
   153.100   0.689742E+00
   153.200   0.689714E+00
   153.300   0.689687E+00
   153.400   0.689660E+00
   153.500   0.689632E+00
   153.600   0.689605E+00
   153.700   0.689577E+00
   153.800   0.689550E+00
   153.900   0.689522E+00
   154.000   0.689494E+00
   154.100   0.689466E+00
   154.200   0.689438E+00
   154.300   0.689410E+00
   154.400   0.689382E+00
   154.500   0.689354E+00
   154.600   0.689325E+00
   154.700   0.689297E+00
   154.800   0.689268E+00
   154.900   0.689240E+00
   155.000   0.689211E+00
   155.100   0.689182E+00
   155.200   0.689153E+00
   155.300   0.689125E+00
   155.400   0.689096E+00
   155.500   0.689067E+00
   155.600   0.689037E+00
   155.700   0.689008E+00
   155.800   0.688979E+00
   155.900   0.688949E+00
   156.000   0.688920E+00
   156.100   0.688890E+00
   156.200   0.688861E+00
   156.300   0.688831E+00
   156.400   0.688801E+00
   156.500   0.688771E+00
   156.600   0.688741E+00
   156.700   0.688711E+00
   156.800   0.688681E+00
   156.900   0.688651E+00
   157.000   0.688621E+00
   157.100   0.688591E+00
   157.200   0.688560E+00
   157.300   0.688530E+00
   157.400   0.688499E+00
   157.500   0.688468E+00
   157.600   0.688438E+00
   157.700   0.688407E+00
   157.800   0.688376E+00
   157.900   0.688345E+00
   158.000   0.688314E+00
   158.100   0.688283E+00
   158.200   0.688252E+00
   158.300   0.688221E+00
   158.400   0.688189E+00
   158.500   0.688158E+00
   158.600   0.688126E+00
   158.700   0.688095E+00
   158.800   0.688063E+00
   158.900   0.688032E+00
   159.000   0.688000E+00
   159.100   0.687968E+00
   159.200   0.687936E+00
   159.300   0.687904E+00
   159.400   0.687872E+00
   159.500   0.687840E+00
   159.600   0.687808E+00
   159.700   0.687776E+00
   159.800   0.687743E+00
   159.900   0.687711E+00
   160.000   0.687678E+00
   160.100   0.687646E+00
   160.200   0.687613E+00
   160.300   0.687581E+00
   160.400   0.687548E+00
   160.500   0.687515E+00
   160.600   0.687482E+00
   160.700   0.687449E+00
   160.800   0.687416E+00
   160.900   0.687383E+00
   161.000   0.687350E+00
   161.100   0.687317E+00
   161.200   0.687283E+00
   161.300   0.687250E+00
   161.400   0.687217E+00
   161.500   0.687183E+00
   161.600   0.687150E+00
   161.700   0.687116E+00
   161.800   0.687082E+00
   161.900   0.687049E+00
   162.000   0.687015E+00
   162.100   0.686981E+00
   162.200   0.686947E+00
   162.300   0.686913E+00
   162.400   0.686879E+00
   162.500   0.686845E+00
   162.600   0.686810E+00
   162.700   0.686776E+00
   162.800   0.686742E+00
   162.900   0.686707E+00
   163.000   0.686673E+00
   163.100   0.686638E+00
   163.200   0.686604E+00
   163.300   0.686569E+00
   163.400   0.686534E+00
   163.500   0.686499E+00
   163.600   0.686464E+00
   163.700   0.686430E+00
   163.800   0.686395E+00
   163.900   0.686360E+00
   164.000   0.686324E+00
   164.100   0.686289E+00
   164.200   0.686254E+00
   164.300   0.686219E+00
   164.400   0.686183E+00
   164.500   0.686148E+00
   164.600   0.686112E+00
   164.700   0.686077E+00
   164.800   0.686041E+00
   164.900   0.686006E+00
   165.000   0.685970E+00
   165.100   0.685934E+00
   165.200   0.685898E+00
   165.300   0.685862E+00
   165.400   0.685826E+00
   165.500   0.685790E+00
   165.600   0.685754E+00
   165.700   0.685718E+00
   165.800   0.685682E+00
   165.900   0.685646E+00
   166.000   0.685609E+00
   166.100   0.685573E+00
   166.200   0.685536E+00
   166.300   0.685500E+00
   166.400   0.685463E+00
   166.500   0.685427E+00
   166.600   0.685390E+00
   166.700   0.685353E+00
   166.800   0.685317E+00
   166.900   0.685280E+00
   167.000   0.685243E+00
   167.100   0.685206E+00
   167.200   0.685169E+00
   167.300   0.685132E+00
   167.400   0.685095E+00
   167.500   0.685057E+00
   167.600   0.685020E+00
   167.700   0.684983E+00
   167.800   0.684946E+00
   167.900   0.684908E+00
   168.000   0.684871E+00
   168.100   0.684833E+00
   168.200   0.684796E+00
   168.300   0.684758E+00
   168.400   0.684720E+00
   168.500   0.684683E+00
   168.600   0.684645E+00
   168.700   0.684607E+00
   168.800   0.684569E+00
   168.900   0.684531E+00
   169.000   0.684493E+00
   169.100   0.684455E+00
   169.200   0.684417E+00
   169.300   0.684379E+00
   169.400   0.684341E+00
   169.500   0.684302E+00
   169.600   0.684264E+00
   169.700   0.684226E+00
   169.800   0.684187E+00
   169.900   0.684149E+00
   170.000   0.684110E+00
   170.100   0.684072E+00
   170.200   0.684033E+00
   170.300   0.683994E+00
   170.400   0.683956E+00
   170.500   0.683917E+00
   170.600   0.683878E+00
   170.700   0.683839E+00
   170.800   0.683800E+00
   170.900   0.683761E+00
   171.000   0.683722E+00
   171.100   0.683683E+00
   171.200   0.683644E+00
   171.300   0.683605E+00
   171.400   0.683566E+00
   171.500   0.683527E+00
   171.600   0.683487E+00
   171.700   0.683448E+00
   171.800   0.683408E+00
   171.900   0.683369E+00
   172.000   0.683329E+00
   172.100   0.683290E+00
   172.200   0.683250E+00
   172.300   0.683211E+00
   172.400   0.683171E+00
   172.500   0.683131E+00
   172.600   0.683091E+00
   172.700   0.683052E+00
   172.800   0.683012E+00
   172.900   0.682972E+00
   173.000   0.682932E+00
   173.100   0.682892E+00
   173.200   0.682852E+00
   173.300   0.682812E+00
   173.400   0.682771E+00
   173.500   0.682731E+00
   173.600   0.682691E+00
   173.700   0.682651E+00
   173.800   0.682610E+00
   173.900   0.682570E+00
   174.000   0.682530E+00
   174.100   0.682489E+00
   174.200   0.682449E+00
   174.300   0.682408E+00
   174.400   0.682367E+00
   174.500   0.682327E+00
   174.600   0.682286E+00
   174.700   0.682245E+00
   174.800   0.682204E+00
   174.900   0.682164E+00
   175.000   0.682123E+00
   175.100   0.682082E+00
   175.200   0.682041E+00
   175.300   0.682000E+00
   175.400   0.681959E+00
   175.500   0.681918E+00
   175.600   0.681877E+00
   175.700   0.681835E+00
   175.800   0.681794E+00
   175.900   0.681753E+00
   176.000   0.681712E+00
   176.100   0.681670E+00
   176.200   0.681629E+00
   176.300   0.681588E+00
   176.400   0.681546E+00
   176.500   0.681505E+00
   176.600   0.681463E+00
   176.700   0.681421E+00
   176.800   0.681380E+00
   176.900   0.681338E+00
   177.000   0.681296E+00
   177.100   0.681255E+00
   177.200   0.681213E+00
   177.300   0.681171E+00
   177.400   0.681129E+00
   177.500   0.681087E+00
   177.600   0.681045E+00
   177.700   0.681003E+00
   177.800   0.680961E+00
   177.900   0.680919E+00
   178.000   0.680877E+00
   178.100   0.680835E+00
   178.200   0.680793E+00
   178.300   0.680751E+00
   178.400   0.680709E+00
   178.500   0.680666E+00
   178.600   0.680624E+00
   178.700   0.680582E+00
   178.800   0.680539E+00
   178.900   0.680497E+00
   179.000   0.680454E+00
   179.100   0.680412E+00
   179.200   0.680369E+00
   179.300   0.680327E+00
   179.400   0.680284E+00
   179.500   0.680241E+00
   179.600   0.680199E+00
   179.700   0.680156E+00
   179.800   0.680113E+00
   179.900   0.680070E+00
   180.000   0.680028E+00
   180.100   0.679985E+00
   180.200   0.679942E+00
   180.300   0.679899E+00
   180.400   0.679856E+00
   180.500   0.679813E+00
   180.600   0.679770E+00
   180.700   0.679727E+00
   180.800   0.679684E+00
   180.900   0.679640E+00
   181.000   0.679597E+00
   181.100   0.679554E+00
   181.200   0.679511E+00
   181.300   0.679467E+00
   181.400   0.679424E+00
   181.500   0.679381E+00
   181.600   0.679337E+00
   181.700   0.679294E+00
   181.800   0.679250E+00
   181.900   0.679207E+00
   182.000   0.679163E+00
   182.100   0.679120E+00
   182.200   0.679076E+00
   182.300   0.679033E+00
   182.400   0.678989E+00
   182.500   0.678945E+00
   182.600   0.678902E+00
   182.700   0.678858E+00
   182.800   0.678814E+00
   182.900   0.678770E+00
   183.000   0.678726E+00
   183.100   0.678683E+00
   183.200   0.678639E+00
   183.300   0.678595E+00
   183.400   0.678551E+00
   183.500   0.678507E+00
   183.600   0.678463E+00
   183.700   0.678419E+00
   183.800   0.678375E+00
   183.900   0.678330E+00
   184.000   0.678286E+00
   184.100   0.678242E+00
   184.200   0.678198E+00
   184.300   0.678154E+00
   184.400   0.678109E+00
   184.500   0.678065E+00
   184.600   0.678021E+00
   184.700   0.677976E+00
   184.800   0.677932E+00
   184.900   0.677888E+00
   185.000   0.677843E+00
   185.100   0.677799E+00
   185.200   0.677754E+00
   185.300   0.677710E+00
   185.400   0.677665E+00
   185.500   0.677620E+00
   185.600   0.677576E+00
   185.700   0.677531E+00
   185.800   0.677486E+00
   185.900   0.677442E+00
   186.000   0.677397E+00
   186.100   0.677352E+00
   186.200   0.677307E+00
   186.300   0.677263E+00
   186.400   0.677218E+00
   186.500   0.677173E+00
   186.600   0.677128E+00
   186.700   0.677083E+00
   186.800   0.677038E+00
   186.900   0.676993E+00
   187.000   0.676948E+00
   187.100   0.676903E+00
   187.200   0.676858E+00
   187.300   0.676813E+00
   187.400   0.676768E+00
   187.500   0.676723E+00
   187.600   0.676678E+00
   187.700   0.676632E+00
   187.800   0.676587E+00
   187.900   0.676542E+00
   188.000   0.676497E+00
   188.100   0.676451E+00
   188.200   0.676406E+00
   188.300   0.676361E+00
   188.400   0.676315E+00
   188.500   0.676270E+00
   188.600   0.676225E+00
   188.700   0.676179E+00
   188.800   0.676134E+00
   188.900   0.676088E+00
   189.000   0.676043E+00
   189.100   0.675997E+00
   189.200   0.675952E+00
   189.300   0.675906E+00
   189.400   0.675860E+00
   189.500   0.675815E+00
   189.600   0.675769E+00
   189.700   0.675723E+00
   189.800   0.675678E+00
   189.900   0.675632E+00
   190.000   0.675586E+00
   190.100   0.675540E+00
   190.200   0.675495E+00
   190.300   0.675449E+00
   190.400   0.675403E+00
   190.500   0.675357E+00
   190.600   0.675311E+00
   190.700   0.675265E+00
   190.800   0.675219E+00
   190.900   0.675173E+00
   191.000   0.675127E+00
   191.100   0.675081E+00
   191.200   0.675035E+00
   191.300   0.674989E+00
   191.400   0.674943E+00
   191.500   0.674897E+00
   191.600   0.674851E+00
   191.700   0.674805E+00
   191.800   0.674759E+00
   191.900   0.674713E+00
   192.000   0.674667E+00
   192.100   0.674620E+00
   192.200   0.674574E+00
   192.300   0.674528E+00
   192.400   0.674482E+00
   192.500   0.674435E+00
   192.600   0.674389E+00
   192.700   0.674343E+00
   192.800   0.674296E+00
   192.900   0.674250E+00
   193.000   0.674204E+00
   193.100   0.674157E+00
   193.200   0.674111E+00
   193.300   0.674064E+00
   193.400   0.674018E+00
   193.500   0.673971E+00
   193.600   0.673925E+00
   193.700   0.673878E+00
   193.800   0.673832E+00
   193.900   0.673785E+00
   194.000   0.673739E+00
   194.100   0.673692E+00
   194.200   0.673645E+00
   194.300   0.673599E+00
   194.400   0.673552E+00
   194.500   0.673505E+00
   194.600   0.673459E+00
   194.700   0.673412E+00
   194.800   0.673365E+00
   194.900   0.673318E+00
   195.000   0.673272E+00
   195.100   0.673225E+00
   195.200   0.673178E+00
   195.300   0.673131E+00
   195.400   0.673085E+00
   195.500   0.673038E+00
   195.600   0.672991E+00
   195.700   0.672944E+00
   195.800   0.672897E+00
   195.900   0.672850E+00
   196.000   0.672803E+00
   196.100   0.672756E+00
   196.200   0.672709E+00
   196.300   0.672662E+00
   196.400   0.672615E+00
   196.500   0.672568E+00
   196.600   0.672521E+00
   196.700   0.672474E+00
   196.800   0.672427E+00
   196.900   0.672380E+00
   197.000   0.672333E+00
   197.100   0.672286E+00
   197.200   0.672239E+00
   197.300   0.672191E+00
   197.400   0.672144E+00
   197.500   0.672097E+00
   197.600   0.672050E+00
   197.700   0.672003E+00
   197.800   0.671956E+00
   197.900   0.671908E+00
   198.000   0.671861E+00
   198.100   0.671814E+00
   198.200   0.671767E+00
   198.300   0.671719E+00
   198.400   0.671672E+00
   198.500   0.671625E+00
   198.600   0.671577E+00
   198.700   0.671530E+00
   198.800   0.671483E+00
   198.900   0.671435E+00
   199.000   0.671388E+00
   199.100   0.671340E+00
   199.200   0.671293E+00
   199.300   0.671246E+00
   199.400   0.671198E+00
   199.500   0.671151E+00
   199.600   0.671103E+00
   199.700   0.671056E+00
   199.800   0.671008E+00
   199.900   0.670961E+00
   200.000   0.670913E+00
   200.100   0.670866E+00
   200.200   0.670818E+00
   200.300   0.670770E+00
   200.400   0.670723E+00
   200.500   0.670675E+00
   200.600   0.670628E+00
   200.700   0.670580E+00
   200.800   0.670532E+00
   200.900   0.670485E+00
   201.000   0.670437E+00
   201.100   0.670390E+00
   201.200   0.670342E+00
   201.300   0.670294E+00
   201.400   0.670246E+00
   201.500   0.670199E+00
   201.600   0.670151E+00
   201.700   0.670103E+00
   201.800   0.670056E+00
   201.900   0.670008E+00
   202.000   0.669960E+00
   202.100   0.669912E+00
   202.200   0.669865E+00
   202.300   0.669817E+00
   202.400   0.669769E+00
   202.500   0.669721E+00
   202.600   0.669673E+00
   202.700   0.669625E+00
   202.800   0.669578E+00
   202.900   0.669530E+00
   203.000   0.669482E+00
   203.100   0.669434E+00
   203.200   0.669386E+00
   203.300   0.669338E+00
   203.400   0.669290E+00
   203.500   0.669242E+00
   203.600   0.669194E+00
   203.700   0.669146E+00
   203.800   0.669099E+00
   203.900   0.669051E+00
   204.000   0.669003E+00
   204.100   0.668955E+00
   204.200   0.668907E+00
   204.300   0.668859E+00
   204.400   0.668811E+00
   204.500   0.668763E+00
   204.600   0.668715E+00
   204.700   0.668667E+00
   204.800   0.668619E+00
   204.900   0.668571E+00
   205.000   0.668522E+00
   205.100   0.668474E+00
   205.200   0.668426E+00
   205.300   0.668378E+00
   205.400   0.668330E+00
   205.500   0.668282E+00
   205.600   0.668234E+00
   205.700   0.668186E+00
   205.800   0.668138E+00
   205.900   0.668090E+00
   206.000   0.668041E+00
   206.100   0.667993E+00
   206.200   0.667945E+00
   206.300   0.667897E+00
   206.400   0.667849E+00
   206.500   0.667801E+00
   206.600   0.667752E+00
   206.700   0.667704E+00
   206.800   0.667656E+00
   206.900   0.667608E+00
   207.000   0.667560E+00
   207.100   0.667511E+00
   207.200   0.667463E+00
   207.300   0.667415E+00
   207.400   0.667367E+00
   207.500   0.667319E+00
   207.600   0.667270E+00
   207.700   0.667222E+00
   207.800   0.667174E+00
   207.900   0.667125E+00
   208.000   0.667077E+00
   208.100   0.667029E+00
   208.200   0.666981E+00
   208.300   0.666932E+00
   208.400   0.666884E+00
   208.500   0.666836E+00
   208.600   0.666787E+00
   208.700   0.666739E+00
   208.800   0.666691E+00
   208.900   0.666642E+00
   209.000   0.666594E+00
   209.100   0.666546E+00
   209.200   0.666497E+00
   209.300   0.666449E+00
   209.400   0.666401E+00
   209.500   0.666352E+00
   209.600   0.666304E+00
   209.700   0.666256E+00
   209.800   0.666207E+00
   209.900   0.666159E+00
   210.000   0.666110E+00
   210.100   0.666062E+00
   210.200   0.666014E+00
   210.300   0.665965E+00
   210.400   0.665917E+00
   210.500   0.665869E+00
   210.600   0.665820E+00
   210.700   0.665772E+00
   210.800   0.665723E+00
   210.900   0.665675E+00
   211.000   0.665626E+00
   211.100   0.665578E+00
   211.200   0.665530E+00
   211.300   0.665481E+00
   211.400   0.665433E+00
   211.500   0.665384E+00
   211.600   0.665336E+00
   211.700   0.665287E+00
   211.800   0.665239E+00
   211.900   0.665190E+00
   212.000   0.665142E+00
   212.100   0.665093E+00
   212.200   0.665045E+00
   212.300   0.664997E+00
   212.400   0.664948E+00
   212.500   0.664900E+00
   212.600   0.664851E+00
   212.700   0.664803E+00
   212.800   0.664754E+00
   212.900   0.664706E+00
   213.000   0.664657E+00
   213.100   0.664609E+00
   213.200   0.664560E+00
   213.300   0.664512E+00
   213.400   0.664463E+00
   213.500   0.664415E+00
   213.600   0.664366E+00
   213.700   0.664318E+00
   213.800   0.664269E+00
   213.900   0.664221E+00
   214.000   0.664172E+00
   214.100   0.664124E+00
   214.200   0.664075E+00
   214.300   0.664027E+00
   214.400   0.663978E+00
   214.500   0.663930E+00
   214.600   0.663881E+00
   214.700   0.663832E+00
   214.800   0.663784E+00
   214.900   0.663735E+00
   215.000   0.663687E+00
   215.100   0.663638E+00
   215.200   0.663590E+00
   215.300   0.663541E+00
   215.400   0.663493E+00
   215.500   0.663444E+00
   215.600   0.663396E+00
   215.700   0.663347E+00
   215.800   0.663299E+00
   215.900   0.663250E+00
   216.000   0.663202E+00
   216.100   0.663153E+00
   216.200   0.663104E+00
   216.300   0.663056E+00
   216.400   0.663007E+00
   216.500   0.662959E+00
   216.600   0.662910E+00
   216.700   0.662862E+00
   216.800   0.662813E+00
   216.900   0.662765E+00
   217.000   0.662716E+00
   217.100   0.662668E+00
   217.200   0.662619E+00
   217.300   0.662571E+00
   217.400   0.662522E+00
   217.500   0.662473E+00
   217.600   0.662425E+00
   217.700   0.662376E+00
   217.800   0.662328E+00
   217.900   0.662279E+00
   218.000   0.662231E+00
   218.100   0.662182E+00
   218.200   0.662134E+00
   218.300   0.662085E+00
   218.400   0.662037E+00
   218.500   0.661988E+00
   218.600   0.661940E+00
   218.700   0.661891E+00
   218.800   0.661842E+00
   218.900   0.661794E+00
   219.000   0.661745E+00
   219.100   0.661697E+00
   219.200   0.661648E+00
   219.300   0.661600E+00
   219.400   0.661551E+00
   219.500   0.661503E+00
   219.600   0.661454E+00
   219.700   0.661406E+00
   219.800   0.661357E+00
   219.900   0.661309E+00
   220.000   0.661260E+00
   220.100   0.661212E+00
   220.200   0.661163E+00
   220.300   0.661115E+00
   220.400   0.661066E+00
   220.500   0.661018E+00
   220.600   0.660969E+00
   220.700   0.660921E+00
   220.800   0.660872E+00
   220.900   0.660824E+00
   221.000   0.660775E+00
   221.100   0.660727E+00
   221.200   0.660678E+00
   221.300   0.660630E+00
   221.400   0.660581E+00
   221.500   0.660533E+00
   221.600   0.660484E+00
   221.700   0.660436E+00
   221.800   0.660387E+00
   221.900   0.660339E+00
   222.000   0.660290E+00
   222.100   0.660242E+00
   222.200   0.660194E+00
   222.300   0.660145E+00
   222.400   0.660097E+00
   222.500   0.660048E+00
   222.600   0.660000E+00
   222.700   0.659951E+00
   222.800   0.659903E+00
   222.900   0.659854E+00
   223.000   0.659806E+00
   223.100   0.659758E+00
   223.200   0.659709E+00
   223.300   0.659661E+00
   223.400   0.659612E+00
   223.500   0.659564E+00
   223.600   0.659515E+00
   223.700   0.659467E+00
   223.800   0.659419E+00
   223.900   0.659370E+00
   224.000   0.659322E+00
   224.100   0.659273E+00
   224.200   0.659225E+00
   224.300   0.659177E+00
   224.400   0.659128E+00
   224.500   0.659080E+00
   224.600   0.659032E+00
   224.700   0.658983E+00
   224.800   0.658935E+00
   224.900   0.658886E+00
   225.000   0.658838E+00
   225.100   0.658790E+00
   225.200   0.658741E+00
   225.300   0.658693E+00
   225.400   0.658645E+00
   225.500   0.658596E+00
   225.600   0.658548E+00
   225.700   0.658500E+00
   225.800   0.658451E+00
   225.900   0.658403E+00
   226.000   0.658355E+00
   226.100   0.658307E+00
   226.200   0.658258E+00
   226.300   0.658210E+00
   226.400   0.658162E+00
   226.500   0.658113E+00
   226.600   0.658065E+00
   226.700   0.658017E+00
   226.800   0.657969E+00
   226.900   0.657920E+00
   227.000   0.657872E+00
   227.100   0.657824E+00
   227.200   0.657776E+00
   227.300   0.657727E+00
   227.400   0.657679E+00
   227.500   0.657631E+00
   227.600   0.657583E+00
   227.700   0.657534E+00
   227.800   0.657486E+00
   227.900   0.657438E+00
   228.000   0.657390E+00
   228.100   0.657342E+00
   228.200   0.657294E+00
   228.300   0.657245E+00
   228.400   0.657197E+00
   228.500   0.657149E+00
   228.600   0.657101E+00
   228.700   0.657053E+00
   228.800   0.657005E+00
   228.900   0.656956E+00
   229.000   0.656908E+00
   229.100   0.656860E+00
   229.200   0.656812E+00
   229.300   0.656764E+00
   229.400   0.656716E+00
   229.500   0.656668E+00
   229.600   0.656620E+00
   229.700   0.656572E+00
   229.800   0.656523E+00
   229.900   0.656475E+00
   230.000   0.656427E+00
   230.100   0.656379E+00
   230.200   0.656331E+00
   230.300   0.656283E+00
   230.400   0.656235E+00
   230.500   0.656187E+00
   230.600   0.656139E+00
   230.700   0.656091E+00
   230.800   0.656043E+00
   230.900   0.655995E+00
   231.000   0.655947E+00
   231.100   0.655899E+00
   231.200   0.655851E+00
   231.300   0.655803E+00
   231.400   0.655755E+00
   231.500   0.655707E+00
   231.600   0.655659E+00
   231.700   0.655611E+00
   231.800   0.655563E+00
   231.900   0.655516E+00
   232.000   0.655468E+00
   232.100   0.655420E+00
   232.200   0.655372E+00
   232.300   0.655324E+00
   232.400   0.655276E+00
   232.500   0.655228E+00
   232.600   0.655180E+00
   232.700   0.655132E+00
   232.800   0.655085E+00
   232.900   0.655037E+00
   233.000   0.654989E+00
   233.100   0.654941E+00
   233.200   0.654893E+00
   233.300   0.654845E+00
   233.400   0.654798E+00
   233.500   0.654750E+00
   233.600   0.654702E+00
   233.700   0.654654E+00
   233.800   0.654606E+00
   233.900   0.654559E+00
   234.000   0.654511E+00
   234.100   0.654463E+00
   234.200   0.654415E+00
   234.300   0.654368E+00
   234.400   0.654320E+00
   234.500   0.654272E+00
   234.600   0.654225E+00
   234.700   0.654177E+00
   234.800   0.654129E+00
   234.900   0.654082E+00
   235.000   0.654034E+00
   235.100   0.653986E+00
   235.200   0.653939E+00
   235.300   0.653891E+00
   235.400   0.653843E+00
   235.500   0.653796E+00
   235.600   0.653748E+00
   235.700   0.653701E+00
   235.800   0.653653E+00
   235.900   0.653605E+00
   236.000   0.653558E+00
   236.100   0.653510E+00
   236.200   0.653463E+00
   236.300   0.653415E+00
   236.400   0.653368E+00
   236.500   0.653320E+00
   236.600   0.653273E+00
   236.700   0.653225E+00
   236.800   0.653178E+00
   236.900   0.653130E+00
   237.000   0.653083E+00
   237.100   0.653035E+00
   237.200   0.652988E+00
   237.300   0.652940E+00
   237.400   0.652893E+00
   237.500   0.652845E+00
   237.600   0.652798E+00
   237.700   0.652751E+00
   237.800   0.652703E+00
   237.900   0.652656E+00
   238.000   0.652608E+00
   238.100   0.652561E+00
   238.200   0.652514E+00
   238.300   0.652466E+00
   238.400   0.652419E+00
   238.500   0.652372E+00
   238.600   0.652324E+00
   238.700   0.652277E+00
   238.800   0.652230E+00
   238.900   0.652182E+00
   239.000   0.652135E+00
   239.100   0.652088E+00
   239.200   0.652041E+00
   239.300   0.651993E+00
   239.400   0.651946E+00
   239.500   0.651899E+00
   239.600   0.651852E+00
   239.700   0.651805E+00
   239.800   0.651757E+00
   239.900   0.651710E+00
   240.000   0.651663E+00
   240.100   0.651616E+00
   240.200   0.651569E+00
   240.300   0.651522E+00
   240.400   0.651475E+00
   240.500   0.651427E+00
   240.600   0.651380E+00
   240.700   0.651333E+00
   240.800   0.651286E+00
   240.900   0.651239E+00
   241.000   0.651192E+00
   241.100   0.651145E+00
   241.200   0.651098E+00
   241.300   0.651051E+00
   241.400   0.651004E+00
   241.500   0.650957E+00
   241.600   0.650910E+00
   241.700   0.650863E+00
   241.800   0.650816E+00
   241.900   0.650769E+00
   242.000   0.650722E+00
   242.100   0.650675E+00
   242.200   0.650628E+00
   242.300   0.650581E+00
   242.400   0.650534E+00
   242.500   0.650488E+00
   242.600   0.650441E+00
   242.700   0.650394E+00
   242.800   0.650347E+00
   242.900   0.650300E+00
   243.000   0.650253E+00
   243.100   0.650207E+00
   243.200   0.650160E+00
   243.300   0.650113E+00
   243.400   0.650066E+00
   243.500   0.650019E+00
   243.600   0.649973E+00
   243.700   0.649926E+00
   243.800   0.649879E+00
   243.900   0.649832E+00
   244.000   0.649786E+00
   244.100   0.649739E+00
   244.200   0.649692E+00
   244.300   0.649646E+00
   244.400   0.649599E+00
   244.500   0.649552E+00
   244.600   0.649506E+00
   244.700   0.649459E+00
   244.800   0.649413E+00
   244.900   0.649366E+00
   245.000   0.649319E+00
   245.100   0.649273E+00
   245.200   0.649226E+00
   245.300   0.649180E+00
   245.400   0.649133E+00
   245.500   0.649087E+00
   245.600   0.649040E+00
   245.700   0.648994E+00
   245.800   0.648947E+00
   245.900   0.648901E+00
   246.000   0.648854E+00
   246.100   0.648808E+00
   246.200   0.648761E+00
   246.300   0.648715E+00
   246.400   0.648669E+00
   246.500   0.648622E+00
   246.600   0.648576E+00
   246.700   0.648530E+00
   246.800   0.648483E+00
   246.900   0.648437E+00
   247.000   0.648390E+00
   247.100   0.648344E+00
   247.200   0.648298E+00
   247.300   0.648252E+00
   247.400   0.648205E+00
   247.500   0.648159E+00
   247.600   0.648113E+00
   247.700   0.648067E+00
   247.800   0.648020E+00
   247.900   0.647974E+00
   248.000   0.647928E+00
   248.100   0.647882E+00
   248.200   0.647836E+00
   248.300   0.647789E+00
   248.400   0.647743E+00
   248.500   0.647697E+00
   248.600   0.647651E+00
   248.700   0.647605E+00
   248.800   0.647559E+00
   248.900   0.647513E+00
   249.000   0.647467E+00
   249.100   0.647421E+00
   249.200   0.647375E+00
   249.300   0.647329E+00
   249.400   0.647283E+00
   249.500   0.647237E+00
   249.600   0.647191E+00
   249.700   0.647145E+00
   249.800   0.647099E+00
   249.900   0.647053E+00
   250.000   0.647007E+00
   250.100   0.646961E+00
   250.200   0.646915E+00
   250.300   0.646869E+00
   250.400   0.646823E+00
   250.500   0.646778E+00
   250.600   0.646732E+00
   250.700   0.646686E+00
   250.800   0.646640E+00
   250.900   0.646594E+00
   251.000   0.646549E+00
   251.100   0.646503E+00
   251.200   0.646457E+00
   251.300   0.646411E+00
   251.400   0.646366E+00
   251.500   0.646320E+00
   251.600   0.646274E+00
   251.700   0.646228E+00
   251.800   0.646183E+00
   251.900   0.646137E+00
   252.000   0.646092E+00
   252.100   0.646046E+00
   252.200   0.646000E+00
   252.300   0.645955E+00
   252.400   0.645909E+00
   252.500   0.645864E+00
   252.600   0.645818E+00
   252.700   0.645772E+00
   252.800   0.645727E+00
   252.900   0.645681E+00
   253.000   0.645636E+00
   253.100   0.645590E+00
   253.200   0.645545E+00
   253.300   0.645500E+00
   253.400   0.645454E+00
   253.500   0.645409E+00
   253.600   0.645363E+00
   253.700   0.645318E+00
   253.800   0.645273E+00
   253.900   0.645227E+00
   254.000   0.645182E+00
   254.100   0.645136E+00
   254.200   0.645091E+00
   254.300   0.645046E+00
   254.400   0.645001E+00
   254.500   0.644955E+00
   254.600   0.644910E+00
   254.700   0.644865E+00
   254.800   0.644820E+00
   254.900   0.644774E+00
   255.000   0.644729E+00
   255.100   0.644684E+00
   255.200   0.644639E+00
   255.300   0.644594E+00
   255.400   0.644549E+00
   255.500   0.644503E+00
   255.600   0.644458E+00
   255.700   0.644413E+00
   255.800   0.644368E+00
   255.900   0.644323E+00
   256.000   0.644278E+00
   256.100   0.644233E+00
   256.200   0.644188E+00
   256.300   0.644143E+00
   256.400   0.644098E+00
   256.500   0.644053E+00
   256.600   0.644008E+00
   256.700   0.643963E+00
   256.800   0.643918E+00
   256.900   0.643873E+00
   257.000   0.643828E+00
   257.100   0.643784E+00
   257.200   0.643739E+00
   257.300   0.643694E+00
   257.400   0.643649E+00
   257.500   0.643604E+00
   257.600   0.643559E+00
   257.700   0.643515E+00
   257.800   0.643470E+00
   257.900   0.643425E+00
   258.000   0.643380E+00
   258.100   0.643336E+00
   258.200   0.643291E+00
   258.300   0.643246E+00
   258.400   0.643202E+00
   258.500   0.643157E+00
   258.600   0.643112E+00
   258.700   0.643068E+00
   258.800   0.643023E+00
   258.900   0.642978E+00
   259.000   0.642934E+00
   259.100   0.642889E+00
   259.200   0.642845E+00
   259.300   0.642800E+00
   259.400   0.642756E+00
   259.500   0.642711E+00
   259.600   0.642667E+00
   259.700   0.642622E+00
   259.800   0.642578E+00
   259.900   0.642533E+00
   260.000   0.642489E+00
   260.100   0.642445E+00
   260.200   0.642400E+00
   260.300   0.642356E+00
   260.400   0.642312E+00
   260.500   0.642267E+00
   260.600   0.642223E+00
   260.700   0.642179E+00
   260.800   0.642134E+00
   260.900   0.642090E+00
   261.000   0.642046E+00
   261.100   0.642001E+00
   261.200   0.641957E+00
   261.300   0.641913E+00
   261.400   0.641869E+00
   261.500   0.641825E+00
   261.600   0.641781E+00
   261.700   0.641736E+00
   261.800   0.641692E+00
   261.900   0.641648E+00
   262.000   0.641604E+00
   262.100   0.641560E+00
   262.200   0.641516E+00
   262.300   0.641472E+00
   262.400   0.641428E+00
   262.500   0.641384E+00
   262.600   0.641340E+00
   262.700   0.641296E+00
   262.800   0.641252E+00
   262.900   0.641208E+00
   263.000   0.641164E+00
   263.100   0.641120E+00
   263.200   0.641076E+00
   263.300   0.641032E+00
   263.400   0.640989E+00
   263.500   0.640945E+00
   263.600   0.640901E+00
   263.700   0.640857E+00
   263.800   0.640813E+00
   263.900   0.640769E+00
   264.000   0.640726E+00
   264.100   0.640682E+00
   264.200   0.640638E+00
   264.300   0.640595E+00
   264.400   0.640551E+00
   264.500   0.640507E+00
   264.600   0.640464E+00
   264.700   0.640420E+00
   264.800   0.640376E+00
   264.900   0.640333E+00
   265.000   0.640289E+00
   265.100   0.640245E+00
   265.200   0.640202E+00
   265.300   0.640158E+00
   265.400   0.640115E+00
   265.500   0.640071E+00
   265.600   0.640028E+00
   265.700   0.639984E+00
   265.800   0.639941E+00
   265.900   0.639897E+00
   266.000   0.639854E+00
   266.100   0.639811E+00
   266.200   0.639767E+00
   266.300   0.639724E+00
   266.400   0.639681E+00
   266.500   0.639637E+00
   266.600   0.639594E+00
   266.700   0.639551E+00
   266.800   0.639507E+00
   266.900   0.639464E+00
   267.000   0.639421E+00
   267.100   0.639378E+00
   267.200   0.639334E+00
   267.300   0.639291E+00
   267.400   0.639248E+00
   267.500   0.639205E+00
   267.600   0.639162E+00
   267.700   0.639119E+00
   267.800   0.639075E+00
   267.900   0.639032E+00
   268.000   0.638989E+00
   268.100   0.638946E+00
   268.200   0.638903E+00
   268.300   0.638860E+00
   268.400   0.638817E+00
   268.500   0.638774E+00
   268.600   0.638731E+00
   268.700   0.638688E+00
   268.800   0.638645E+00
   268.900   0.638602E+00
   269.000   0.638559E+00
   269.100   0.638517E+00
   269.200   0.638474E+00
   269.300   0.638431E+00
   269.400   0.638388E+00
   269.500   0.638345E+00
   269.600   0.638302E+00
   269.700   0.638260E+00
   269.800   0.638217E+00
   269.900   0.638174E+00
   270.000   0.638131E+00
   270.100   0.638089E+00
   270.200   0.638046E+00
   270.300   0.638003E+00
   270.400   0.637961E+00
   270.500   0.637918E+00
   270.600   0.637875E+00
   270.700   0.637833E+00
   270.800   0.637790E+00
   270.900   0.637748E+00
   271.000   0.637705E+00
   271.100   0.637663E+00
   271.200   0.637620E+00
   271.300   0.637578E+00
   271.400   0.637535E+00
   271.500   0.637493E+00
   271.600   0.637450E+00
   271.700   0.637408E+00
   271.800   0.637365E+00
   271.900   0.637323E+00
   272.000   0.637281E+00
   272.100   0.637238E+00
   272.200   0.637196E+00
   272.300   0.637154E+00
   272.400   0.637111E+00
   272.500   0.637069E+00
   272.600   0.637027E+00
   272.700   0.636985E+00
   272.800   0.636942E+00
   272.900   0.636900E+00
   273.000   0.636858E+00
   273.100   0.636816E+00
   273.200   0.636774E+00
   273.300   0.636731E+00
   273.400   0.636689E+00
   273.500   0.636647E+00
   273.600   0.636605E+00
   273.700   0.636563E+00
   273.800   0.636521E+00
   273.900   0.636479E+00
   274.000   0.636437E+00
   274.100   0.636395E+00
   274.200   0.636353E+00
   274.300   0.636311E+00
   274.400   0.636269E+00
   274.500   0.636227E+00
   274.600   0.636185E+00
   274.700   0.636143E+00
   274.800   0.636102E+00
   274.900   0.636060E+00
   275.000   0.636018E+00
   275.100   0.635976E+00
   275.200   0.635934E+00
   275.300   0.635892E+00
   275.400   0.635851E+00
   275.500   0.635809E+00
   275.600   0.635767E+00
   275.700   0.635726E+00
   275.800   0.635684E+00
   275.900   0.635642E+00
   276.000   0.635601E+00
   276.100   0.635559E+00
   276.200   0.635517E+00
   276.300   0.635476E+00
   276.400   0.635434E+00
   276.500   0.635393E+00
   276.600   0.635351E+00
   276.700   0.635310E+00
   276.800   0.635268E+00
   276.900   0.635227E+00
   277.000   0.635185E+00
   277.100   0.635144E+00
   277.200   0.635102E+00
   277.300   0.635061E+00
   277.400   0.635019E+00
   277.500   0.634978E+00
   277.600   0.634937E+00
   277.700   0.634895E+00
   277.800   0.634854E+00
   277.900   0.634813E+00
   278.000   0.634772E+00
   278.100   0.634730E+00
   278.200   0.634689E+00
   278.300   0.634648E+00
   278.400   0.634607E+00
   278.500   0.634565E+00
   278.600   0.634524E+00
   278.700   0.634483E+00
   278.800   0.634442E+00
   278.900   0.634401E+00
   279.000   0.634360E+00
   279.100   0.634319E+00
   279.200   0.634278E+00
   279.300   0.634237E+00
   279.400   0.634196E+00
   279.500   0.634155E+00
   279.600   0.634114E+00
   279.700   0.634073E+00
   279.800   0.634032E+00
   279.900   0.633991E+00
   280.000   0.633950E+00
   280.100   0.633909E+00
   280.200   0.633868E+00
   280.300   0.633827E+00
   280.400   0.633786E+00
   280.500   0.633746E+00
   280.600   0.633705E+00
   280.700   0.633664E+00
   280.800   0.633623E+00
   280.900   0.633583E+00
   281.000   0.633542E+00
   281.100   0.633501E+00
   281.200   0.633460E+00
   281.300   0.633420E+00
   281.400   0.633379E+00
   281.500   0.633338E+00
   281.600   0.633298E+00
   281.700   0.633257E+00
   281.800   0.633217E+00
   281.900   0.633176E+00
   282.000   0.633136E+00
   282.100   0.633095E+00
   282.200   0.633055E+00
   282.300   0.633014E+00
   282.400   0.632974E+00
   282.500   0.632933E+00
   282.600   0.632893E+00
   282.700   0.632852E+00
   282.800   0.632812E+00
   282.900   0.632772E+00
   283.000   0.632731E+00
   283.100   0.632691E+00
   283.200   0.632651E+00
   283.300   0.632610E+00
   283.400   0.632570E+00
   283.500   0.632530E+00
   283.600   0.632490E+00
   283.700   0.632450E+00
   283.800   0.632409E+00
   283.900   0.632369E+00
   284.000   0.632329E+00
   284.100   0.632289E+00
   284.200   0.632249E+00
   284.300   0.632209E+00
   284.400   0.632169E+00
   284.500   0.632129E+00
   284.600   0.632088E+00
   284.700   0.632048E+00
   284.800   0.632008E+00
   284.900   0.631968E+00
   285.000   0.631929E+00
   285.100   0.631889E+00
   285.200   0.631849E+00
   285.300   0.631809E+00
   285.400   0.631769E+00
   285.500   0.631729E+00
   285.600   0.631689E+00
   285.700   0.631649E+00
   285.800   0.631609E+00
   285.900   0.631570E+00
   286.000   0.631530E+00
   286.100   0.631490E+00
   286.200   0.631450E+00
   286.300   0.631411E+00
   286.400   0.631371E+00
   286.500   0.631331E+00
   286.600   0.631292E+00
   286.700   0.631252E+00
   286.800   0.631212E+00
   286.900   0.631173E+00
   287.000   0.631133E+00
   287.100   0.631094E+00
   287.200   0.631054E+00
   287.300   0.631015E+00
   287.400   0.630975E+00
   287.500   0.630936E+00
   287.600   0.630896E+00
   287.700   0.630857E+00
   287.800   0.630817E+00
   287.900   0.630778E+00
   288.000   0.630738E+00
   288.100   0.630699E+00
   288.200   0.630660E+00
   288.300   0.630620E+00
   288.400   0.630581E+00
   288.500   0.630542E+00
   288.600   0.630503E+00
   288.700   0.630463E+00
   288.800   0.630424E+00
   288.900   0.630385E+00
   289.000   0.630346E+00
   289.100   0.630306E+00
   289.200   0.630267E+00
   289.300   0.630228E+00
   289.400   0.630189E+00
   289.500   0.630150E+00
   289.600   0.630111E+00
   289.700   0.630072E+00
   289.800   0.630033E+00
   289.900   0.629994E+00
   290.000   0.629955E+00
   290.100   0.629916E+00
   290.200   0.629877E+00
   290.300   0.629838E+00
   290.400   0.629799E+00
   290.500   0.629760E+00
   290.600   0.629721E+00
   290.700   0.629682E+00
   290.800   0.629643E+00
   290.900   0.629605E+00
   291.000   0.629566E+00
   291.100   0.629527E+00
   291.200   0.629488E+00
   291.300   0.629449E+00
   291.400   0.629411E+00
   291.500   0.629372E+00
   291.600   0.629333E+00
   291.700   0.629295E+00
   291.800   0.629256E+00
   291.900   0.629217E+00
   292.000   0.629179E+00
   292.100   0.629140E+00
   292.200   0.629102E+00
   292.300   0.629063E+00
   292.400   0.629024E+00
   292.500   0.628986E+00
   292.600   0.628947E+00
   292.700   0.628909E+00
   292.800   0.628870E+00
   292.900   0.628832E+00
   293.000   0.628794E+00
   293.100   0.628755E+00
   293.200   0.628717E+00
   293.300   0.628678E+00
   293.400   0.628640E+00
   293.500   0.628602E+00
   293.600   0.628563E+00
   293.700   0.628525E+00
   293.800   0.628487E+00
   293.900   0.628449E+00
   294.000   0.628410E+00
   294.100   0.628372E+00
   294.200   0.628334E+00
   294.300   0.628296E+00
   294.400   0.628258E+00
   294.500   0.628220E+00
   294.600   0.628181E+00
   294.700   0.628143E+00
   294.800   0.628105E+00
   294.900   0.628067E+00
   295.000   0.628029E+00
   295.100   0.627991E+00
   295.200   0.627953E+00
   295.300   0.627915E+00
   295.400   0.627877E+00
   295.500   0.627839E+00
   295.600   0.627801E+00
   295.700   0.627763E+00
   295.800   0.627726E+00
   295.900   0.627688E+00
   296.000   0.627650E+00
   296.100   0.627612E+00
   296.200   0.627574E+00
   296.300   0.627536E+00
   296.400   0.627499E+00
   296.500   0.627461E+00
   296.600   0.627423E+00
   296.700   0.627386E+00
   296.800   0.627348E+00
   296.900   0.627310E+00
   297.000   0.627273E+00
   297.100   0.627235E+00
   297.200   0.627197E+00
   297.300   0.627160E+00
   297.400   0.627122E+00
   297.500   0.627085E+00
   297.600   0.627047E+00
   297.700   0.627010E+00
   297.800   0.626972E+00
   297.900   0.626935E+00
   298.000   0.626897E+00
   298.100   0.626860E+00
   298.200   0.626822E+00
   298.300   0.626785E+00
   298.400   0.626748E+00
   298.500   0.626710E+00
   298.600   0.626673E+00
   298.700   0.626635E+00
   298.800   0.626598E+00
   298.900   0.626561E+00
   299.000   0.626524E+00
   299.100   0.626486E+00
   299.200   0.626449E+00
   299.300   0.626412E+00
   299.400   0.626375E+00
   299.500   0.626338E+00
   299.600   0.626301E+00
   299.700   0.626263E+00
   299.800   0.626226E+00
   299.900   0.626189E+00
   300.000   0.626152E+00
