     0.000            NaN
     0.100   0.366048E-02
     0.200   0.120854E-01
     0.300   0.239176E-01
     0.400   0.383663E-01
     0.500   0.548359E-01
     0.600   0.728367E-01
     0.700   0.919505E-01
     0.800   0.111814E+00
     0.900   0.132111E+00
     1.000   0.152565E+00
     1.100   0.172937E+00
     1.200   0.193024E+00
     1.300   0.212653E+00
     1.400   0.231681E+00
     1.500   0.249993E+00
     1.600   0.267495E+00
     1.700   0.284117E+00
     1.800   0.299808E+00
     1.900   0.314533E+00
     2.000   0.328270E+00
     2.100   0.341010E+00
     2.200   0.352754E+00
     2.300   0.363510E+00
     2.400   0.373292E+00
     2.500   0.382121E+00
     2.600   0.390020E+00
     2.700   0.397012E+00
     2.800   0.403127E+00
     2.900   0.408390E+00
     3.000   0.412831E+00
     3.100   0.416478E+00
     3.200   0.419358E+00
     3.300   0.421500E+00
     3.400   0.422932E+00
     3.500   0.423681E+00
     3.600   0.423776E+00
     3.700   0.423243E+00
     3.800   0.422114E+00
     3.900   0.420419E+00
     4.000   0.418189E+00
     4.100   0.415461E+00
     4.200   0.412272E+00
     4.300   0.408662E+00
     4.400   0.404677E+00
     4.500   0.400364E+00
     4.600   0.395778E+00
     4.700   0.390976E+00
     4.800   0.386019E+00
     4.900   0.380974E+00
     5.000   0.375911E+00
     5.100   0.370903E+00
     5.200   0.366026E+00
     5.300   0.361357E+00
     5.400   0.356972E+00
     5.500   0.352947E+00
     5.600   0.349354E+00
     5.700   0.346260E+00
     5.800   0.343724E+00
     5.900   0.341800E+00
     6.000   0.340529E+00
     6.100   0.339942E+00
     6.200   0.340058E+00
     6.300   0.340884E+00
     6.400   0.342413E+00
     6.500   0.344628E+00
     6.600   0.347498E+00
     6.700   0.350985E+00
     6.800   0.355039E+00
     6.900   0.359604E+00
     7.000   0.364620E+00
     7.100   0.370022E+00
     7.200   0.375743E+00
     7.300   0.381715E+00
     7.400   0.387873E+00
     7.500   0.394151E+00
     7.600   0.400490E+00
     7.700   0.406832E+00
     7.800   0.413124E+00
     7.900   0.419318E+00
     8.000   0.425373E+00
     8.100   0.431250E+00
     8.200   0.436917E+00
     8.300   0.442346E+00
     8.400   0.447513E+00
     8.500   0.452401E+00
     8.600   0.456994E+00
     8.700   0.461281E+00
     8.800   0.465254E+00
     8.900   0.468908E+00
     9.000   0.472241E+00
     9.100   0.475252E+00
     9.200   0.477945E+00
     9.300   0.480324E+00
     9.400   0.482393E+00
     9.500   0.484161E+00
     9.600   0.485636E+00
     9.700   0.486829E+00
     9.800   0.487750E+00
     9.900   0.488413E+00
    10.000   0.488830E+00
    10.100   0.489018E+00
    10.200   0.488991E+00
    10.300   0.488767E+00
    10.400   0.488365E+00
    10.500   0.487802E+00
    10.600   0.487100E+00
    10.700   0.486281E+00
    10.800   0.485365E+00
    10.900   0.484375E+00
    11.000   0.483337E+00
    11.100   0.482272E+00
    11.200   0.481207E+00
    11.300   0.480164E+00
    11.400   0.479168E+00
    11.500   0.478243E+00
    11.600   0.477410E+00
    11.700   0.476693E+00
    11.800   0.476110E+00
    11.900   0.475680E+00
    12.000   0.475419E+00
    12.100   0.475341E+00
    12.200   0.475457E+00
    12.300   0.475776E+00
    12.400   0.476304E+00
    12.500   0.477043E+00
    12.600   0.477993E+00
    12.700   0.479152E+00
    12.800   0.480513E+00
    12.900   0.482068E+00
    13.000   0.483807E+00
    13.100   0.485716E+00
    13.200   0.487782E+00
    13.300   0.489988E+00
    13.400   0.492316E+00
    13.500   0.494750E+00
    13.600   0.497269E+00
    13.700   0.499857E+00
    13.800   0.502493E+00
    13.900   0.505160E+00
    14.000   0.507840E+00
    14.100   0.510516E+00
    14.200   0.513173E+00
    14.300   0.515794E+00
    14.400   0.518367E+00
    14.500   0.520878E+00
    14.600   0.523318E+00
    14.700   0.525675E+00
    14.800   0.527942E+00
    14.900   0.530110E+00
    15.000   0.532174E+00
    15.100   0.534129E+00
    15.200   0.535972E+00
    15.300   0.537699E+00
    15.400   0.539309E+00
    15.500   0.540803E+00
    15.600   0.542179E+00
    15.700   0.543440E+00
    15.800   0.544587E+00
    15.900   0.545624E+00
    16.000   0.546554E+00
    16.100   0.547382E+00
    16.200   0.548112E+00
    16.300   0.548750E+00
    16.400   0.549303E+00
    16.500   0.549776E+00
    16.600   0.550177E+00
    16.700   0.550513E+00
    16.800   0.550792E+00
    16.900   0.551022E+00
    17.000   0.551212E+00
    17.100   0.551370E+00
    17.200   0.551504E+00
    17.300   0.551623E+00
    17.400   0.551736E+00
    17.500   0.551851E+00
    17.600   0.551977E+00
    17.700   0.552121E+00
    17.800   0.552291E+00
    17.900   0.552494E+00
    18.000   0.552737E+00
    18.100   0.553025E+00
    18.200   0.553365E+00
    18.300   0.553760E+00
    18.400   0.554215E+00
    18.500   0.554733E+00
    18.600   0.555315E+00
    18.700   0.555963E+00
    18.800   0.556678E+00
    18.900   0.557459E+00
    19.000   0.558305E+00
    19.100   0.559215E+00
    19.200   0.560184E+00
    19.300   0.561211E+00
    19.400   0.562291E+00
    19.500   0.563420E+00
    19.600   0.564593E+00
    19.700   0.565804E+00
    19.800   0.567048E+00
    19.900   0.568320E+00
    20.000   0.569613E+00
    20.100   0.570922E+00
    20.200   0.572240E+00
    20.300   0.573563E+00
    20.400   0.574884E+00
    20.500   0.576199E+00
    20.600   0.577501E+00
    20.700   0.578787E+00
    20.800   0.580052E+00
    20.900   0.581292E+00
    21.000   0.582504E+00
    21.100   0.583683E+00
    21.200   0.584828E+00
    21.300   0.585935E+00
    21.400   0.587004E+00
    21.500   0.588031E+00
    21.600   0.589017E+00
    21.700   0.589961E+00
    21.800   0.590861E+00
    21.900   0.591719E+00
    22.000   0.592534E+00
    22.100   0.593307E+00
    22.200   0.594039E+00
    22.300   0.594732E+00
    22.400   0.595386E+00
    22.500   0.596004E+00
    22.600   0.596589E+00
    22.700   0.597141E+00
    22.800   0.597664E+00
    22.900   0.598160E+00
    23.000   0.598632E+00
    23.100   0.599082E+00
    23.200   0.599515E+00
    23.300   0.599932E+00
    23.400   0.600337E+00
    23.500   0.600733E+00
    23.600   0.601122E+00
    23.700   0.601508E+00
    23.800   0.601894E+00
    23.900   0.602282E+00
    24.000   0.602675E+00
    24.100   0.603076E+00
    24.200   0.603486E+00
    24.300   0.603908E+00
    24.400   0.604345E+00
    24.500   0.604796E+00
    24.600   0.605264E+00
    24.700   0.605751E+00
    24.800   0.606256E+00
    24.900   0.606780E+00
    25.000   0.607325E+00
    25.100   0.607889E+00
    25.200   0.608473E+00
    25.300   0.609076E+00
    25.400   0.609698E+00
    25.500   0.610338E+00
    25.600   0.610995E+00
    25.700   0.611667E+00
    25.800   0.612353E+00
    25.900   0.613052E+00
    26.000   0.613762E+00
    26.100   0.614481E+00
    26.200   0.615207E+00
    26.300   0.615939E+00
    26.400   0.616674E+00
    26.500   0.617411E+00
    26.600   0.618148E+00
    26.700   0.618883E+00
    26.800   0.619615E+00
    26.900   0.620341E+00
    27.000   0.621060E+00
    27.100   0.621771E+00
    27.200   0.622472E+00
    27.300   0.623162E+00
    27.400   0.623840E+00
    27.500   0.624506E+00
    27.600   0.625157E+00
    27.700   0.625793E+00
    27.800   0.626415E+00
    27.900   0.627021E+00
    28.000   0.627611E+00
    28.100   0.628185E+00
    28.200   0.628743E+00
    28.300   0.629285E+00
    28.400   0.629812E+00
    28.500   0.630323E+00
    28.600   0.630820E+00
    28.700   0.631302E+00
    28.800   0.631770E+00
    28.900   0.632225E+00
    29.000   0.632668E+00
    29.100   0.633100E+00
    29.200   0.633521E+00
    29.300   0.633933E+00
    29.400   0.634337E+00
    29.500   0.634732E+00
    29.600   0.635122E+00
    29.700   0.635505E+00
    29.800   0.635885E+00
    29.900   0.636260E+00
    30.000   0.636634E+00
    30.100   0.637005E+00
    30.200   0.637376E+00
    30.300   0.637748E+00
    30.400   0.638120E+00
    30.500   0.638494E+00
    30.600   0.638870E+00
    30.700   0.639249E+00
    30.800   0.639632E+00
    30.900   0.640018E+00
    31.000   0.640409E+00
    31.100   0.640805E+00
    31.200   0.641205E+00
    31.300   0.641610E+00
    31.400   0.642019E+00
    31.500   0.642434E+00
    31.600   0.642853E+00
    31.700   0.643277E+00
    31.800   0.643704E+00
    31.900   0.644136E+00
    32.000   0.644571E+00
    32.100   0.645009E+00
    32.200   0.645450E+00
    32.300   0.645893E+00
    32.400   0.646337E+00
    32.500   0.646782E+00
    32.600   0.647228E+00
    32.700   0.647673E+00
    32.800   0.648117E+00
    32.900   0.648561E+00
    33.000   0.649002E+00
    33.100   0.649441E+00
    33.200   0.649877E+00
    33.300   0.650309E+00
    33.400   0.650738E+00
    33.500   0.651162E+00
    33.600   0.651581E+00
    33.700   0.651995E+00
    33.800   0.652404E+00
    33.900   0.652808E+00
    34.000   0.653205E+00
    34.100   0.653596E+00
    34.200   0.653981E+00
    34.300   0.654360E+00
    34.400   0.654733E+00
    34.500   0.655099E+00
    34.600   0.655459E+00
    34.700   0.655812E+00
    34.800   0.656160E+00
    34.900   0.656502E+00
    35.000   0.656837E+00
    35.100   0.657168E+00
    35.200   0.657493E+00
    35.300   0.657812E+00
    35.400   0.658127E+00
    35.500   0.658438E+00
    35.600   0.658744E+00
    35.700   0.659047E+00
    35.800   0.659345E+00
    35.900   0.659641E+00
    36.000   0.659934E+00
    36.100   0.660224E+00
    36.200   0.660511E+00
    36.300   0.660797E+00
    36.400   0.661081E+00
    36.500   0.661363E+00
    36.600   0.661645E+00
    36.700   0.661925E+00
    36.800   0.662205E+00
    36.900   0.662484E+00
    37.000   0.662763E+00
    37.100   0.663042E+00
    37.200   0.663320E+00
    37.300   0.663599E+00
    37.400   0.663878E+00
    37.500   0.664157E+00
    37.600   0.664437E+00
    37.700   0.664716E+00
    37.800   0.664996E+00
    37.900   0.665276E+00
    38.000   0.665557E+00
    38.100   0.665837E+00
    38.200   0.666117E+00
    38.300   0.666397E+00
    38.400   0.666677E+00
    38.500   0.666957E+00
    38.600   0.667236E+00
    38.700   0.667515E+00
    38.800   0.667792E+00
    38.900   0.668069E+00
    39.000   0.668344E+00
    39.100   0.668618E+00
    39.200   0.668891E+00
    39.300   0.669162E+00
    39.400   0.669431E+00
    39.500   0.669699E+00
    39.600   0.669964E+00
    39.700   0.670227E+00
    39.800   0.670488E+00
    39.900   0.670746E+00
    40.000   0.671002E+00
    40.100   0.671255E+00
    40.200   0.671505E+00
    40.300   0.671753E+00
    40.400   0.671998E+00
    40.500   0.672240E+00
    40.600   0.672479E+00
    40.700   0.672716E+00
    40.800   0.672949E+00
    40.900   0.673180E+00
    41.000   0.673408E+00
    41.100   0.673633E+00
    41.200   0.673855E+00
    41.300   0.674075E+00
    41.400   0.674292E+00
    41.500   0.674507E+00
    41.600   0.674719E+00
    41.700   0.674929E+00
    41.800   0.675136E+00
    41.900   0.675341E+00
    42.000   0.675544E+00
    42.100   0.675745E+00
    42.200   0.675944E+00
    42.300   0.676142E+00
    42.400   0.676337E+00
    42.500   0.676531E+00
    42.600   0.676724E+00
    42.700   0.676915E+00
    42.800   0.677104E+00
    42.900   0.677292E+00
    43.000   0.677479E+00
    43.100   0.677665E+00
    43.200   0.677850E+00
    43.300   0.678033E+00
    43.400   0.678216E+00
    43.500   0.678397E+00
    43.600   0.678578E+00
    43.700   0.678758E+00
    43.800   0.678937E+00
    43.900   0.679114E+00
    44.000   0.679291E+00
    44.100   0.679468E+00
    44.200   0.679643E+00
    44.300   0.679817E+00
    44.400   0.679991E+00
    44.500   0.680163E+00
    44.600   0.680335E+00
    44.700   0.680505E+00
    44.800   0.680675E+00
    44.900   0.680844E+00
    45.000   0.681011E+00
    45.100   0.681177E+00
    45.200   0.681343E+00
    45.300   0.681507E+00
    45.400   0.681669E+00
    45.500   0.681831E+00
    45.600   0.681991E+00
    45.700   0.682150E+00
    45.800   0.682308E+00
    45.900   0.682464E+00
    46.000   0.682618E+00
    46.100   0.682772E+00
    46.200   0.682923E+00
    46.300   0.683074E+00
    46.400   0.683222E+00
    46.500   0.683370E+00
    46.600   0.683515E+00
    46.700   0.683659E+00
    46.800   0.683802E+00
    46.900   0.683943E+00
    47.000   0.684082E+00
    47.100   0.684220E+00
    47.200   0.684356E+00
    47.300   0.684491E+00
    47.400   0.684625E+00
    47.500   0.684756E+00
    47.600   0.684887E+00
    47.700   0.685015E+00
    47.800   0.685143E+00
    47.900   0.685269E+00
    48.000   0.685393E+00
    48.100   0.685516E+00
    48.200   0.685638E+00
    48.300   0.685758E+00
    48.400   0.685878E+00
    48.500   0.685995E+00
    48.600   0.686112E+00
    48.700   0.686227E+00
    48.800   0.686342E+00
    48.900   0.686455E+00
    49.000   0.686566E+00
    49.100   0.686677E+00
    49.200   0.686787E+00
    49.300   0.686895E+00
    49.400   0.687002E+00
    49.500   0.687109E+00
    49.600   0.687214E+00
    49.700   0.687318E+00
    49.800   0.687422E+00
    49.900   0.687524E+00
    50.000   0.687625E+00
    50.100   0.687725E+00
    50.200   0.687825E+00
    50.300   0.687923E+00
    50.400   0.688020E+00
    50.500   0.688117E+00
    50.600   0.688212E+00
    50.700   0.688307E+00
    50.800   0.688400E+00
    50.900   0.688493E+00
    51.000   0.688584E+00
    51.100   0.688675E+00
    51.200   0.688764E+00
    51.300   0.688853E+00
    51.400   0.688941E+00
    51.500   0.689027E+00
    51.600   0.689113E+00
    51.700   0.689198E+00
    51.800   0.689281E+00
    51.900   0.689364E+00
    52.000   0.689446E+00
    52.100   0.689526E+00
    52.200   0.689606E+00
    52.300   0.689685E+00
    52.400   0.689762E+00
    52.500   0.689839E+00
    52.600   0.689914E+00
    52.700   0.689989E+00
    52.800   0.690063E+00
    52.900   0.690135E+00
    53.000   0.690207E+00
    53.100   0.690277E+00
    53.200   0.690347E+00
    53.300   0.690415E+00
    53.400   0.690483E+00
    53.500   0.690549E+00
    53.600   0.690615E+00
    53.700   0.690679E+00
    53.800   0.690743E+00
    53.900   0.690805E+00
    54.000   0.690867E+00
    54.100   0.690928E+00
    54.200   0.690987E+00
    54.300   0.691046E+00
    54.400   0.691104E+00
    54.500   0.691161E+00
    54.600   0.691217E+00
    54.700   0.691272E+00
    54.800   0.691326E+00
    54.900   0.691379E+00
    55.000   0.691432E+00
    55.100   0.691483E+00
    55.200   0.691534E+00
    55.300   0.691583E+00
    55.400   0.691632E+00
    55.500   0.691680E+00
    55.600   0.691727E+00
    55.700   0.691773E+00
    55.800   0.691819E+00
    55.900   0.691863E+00
    56.000   0.691907E+00
    56.100   0.691950E+00
    56.200   0.691992E+00
    56.300   0.692034E+00
    56.400   0.692074E+00
    56.500   0.692114E+00
    56.600   0.692153E+00
    56.700   0.692191E+00
    56.800   0.692228E+00
    56.900   0.692265E+00
    57.000   0.692300E+00
    57.100   0.692335E+00
    57.200   0.692369E+00
    57.300   0.692403E+00
    57.400   0.692435E+00
    57.500   0.692467E+00
    57.600   0.692498E+00
    57.700   0.692529E+00
    57.800   0.692558E+00
    57.900   0.692587E+00
    58.000   0.692615E+00
    58.100   0.692642E+00
    58.200   0.692669E+00
    58.300   0.692694E+00
    58.400   0.692719E+00
    58.500   0.692744E+00
    58.600   0.692767E+00
    58.700   0.692790E+00
    58.800   0.692812E+00
    58.900   0.692833E+00
    59.000   0.692854E+00
    59.100   0.692874E+00
    59.200   0.692893E+00
    59.300   0.692911E+00
    59.400   0.692929E+00
    59.500   0.692946E+00
    59.600   0.692962E+00
    59.700   0.692978E+00
    59.800   0.692993E+00
    59.900   0.693007E+00
    60.000   0.693020E+00
    60.100   0.693033E+00
    60.200   0.693045E+00
    60.300   0.693056E+00
    60.400   0.693067E+00
    60.500   0.693077E+00
    60.600   0.693086E+00
    60.700   0.693095E+00
    60.800   0.693103E+00
    60.900   0.693110E+00
    61.000   0.693117E+00
    61.100   0.693123E+00
    61.200   0.693128E+00
    61.300   0.693133E+00
    61.400   0.693137E+00
    61.500   0.693140E+00
    61.600   0.693143E+00
    61.700   0.693145E+00
    61.800   0.693146E+00
    61.900   0.693147E+00
    62.000   0.693147E+00
    62.100   0.693147E+00
    62.200   0.693146E+00
    62.300   0.693144E+00
    62.400   0.693142E+00
    62.500   0.693139E+00
    62.600   0.693135E+00
    62.700   0.693131E+00
    62.800   0.693126E+00
    62.900   0.693121E+00
    63.000   0.693115E+00
    63.100   0.693109E+00
    63.200   0.693102E+00
    63.300   0.693094E+00
    63.400   0.693086E+00
    63.500   0.693077E+00
    63.600   0.693067E+00
    63.700   0.693057E+00
    63.800   0.693047E+00
    63.900   0.693035E+00
    64.000   0.693024E+00
    64.100   0.693011E+00
    64.200   0.692998E+00
    64.300   0.692985E+00
    64.400   0.692971E+00
    64.500   0.692956E+00
    64.600   0.692941E+00
    64.700   0.692926E+00
    64.800   0.692910E+00
    64.900   0.692893E+00
    65.000   0.692875E+00
    65.100   0.692858E+00
    65.200   0.692839E+00
    65.300   0.692820E+00
    65.400   0.692801E+00
    65.500   0.692781E+00
    65.600   0.692760E+00
    65.700   0.692739E+00
    65.800   0.692718E+00
    65.900   0.692696E+00
    66.000   0.692673E+00
    66.100   0.692650E+00
    66.200   0.692626E+00
    66.300   0.692602E+00
    66.400   0.692577E+00
    66.500   0.692552E+00
    66.600   0.692527E+00
    66.700   0.692500E+00
    66.800   0.692474E+00
    66.900   0.692447E+00
    67.000   0.692419E+00
    67.100   0.692391E+00
    67.200   0.692362E+00
    67.300   0.692333E+00
    67.400   0.692304E+00
    67.500   0.692274E+00
    67.600   0.692243E+00
    67.700   0.692212E+00
    67.800   0.692181E+00
    67.900   0.692149E+00
    68.000   0.692116E+00
    68.100   0.692084E+00
    68.200   0.692050E+00
    68.300   0.692017E+00
    68.400   0.691982E+00
    68.500   0.691948E+00
    68.600   0.691913E+00
    68.700   0.691877E+00
    68.800   0.691841E+00
    68.900   0.691805E+00
    69.000   0.691768E+00
    69.100   0.691731E+00
    69.200   0.691693E+00
    69.300   0.691655E+00
    69.400   0.691616E+00
    69.500   0.691577E+00
    69.600   0.691538E+00
    69.700   0.691498E+00
    69.800   0.691458E+00
    69.900   0.691417E+00
    70.000   0.691376E+00
    70.100   0.691335E+00
    70.200   0.691293E+00
    70.300   0.691250E+00
    70.400   0.691208E+00
    70.500   0.691165E+00
    70.600   0.691121E+00
    70.700   0.691077E+00
    70.800   0.691033E+00
    70.900   0.690988E+00
    71.000   0.690943E+00
    71.100   0.690897E+00
    71.200   0.690852E+00
    71.300   0.690805E+00
    71.400   0.690759E+00
    71.500   0.690711E+00
    71.600   0.690664E+00
    71.700   0.690616E+00
    71.800   0.690568E+00
    71.900   0.690519E+00
    72.000   0.690470E+00
    72.100   0.690421E+00
    72.200   0.690371E+00
    72.300   0.690321E+00
    72.400   0.690270E+00
    72.500   0.690219E+00
    72.600   0.690168E+00
    72.700   0.690116E+00
    72.800   0.690064E+00
    72.900   0.690012E+00
    73.000   0.689959E+00
    73.100   0.689906E+00
    73.200   0.689853E+00
    73.300   0.689799E+00
    73.400   0.689745E+00
    73.500   0.689690E+00
    73.600   0.689636E+00
    73.700   0.689580E+00
    73.800   0.689525E+00
    73.900   0.689469E+00
    74.000   0.689413E+00
    74.100   0.689356E+00
    74.200   0.689300E+00
    74.300   0.689243E+00
    74.400   0.689185E+00
    74.500   0.689127E+00
    74.600   0.689069E+00
    74.700   0.689011E+00
    74.800   0.688952E+00
    74.900   0.688893E+00
    75.000   0.688834E+00
    75.100   0.688774E+00
    75.200   0.688714E+00
    75.300   0.688654E+00
    75.400   0.688593E+00
    75.500   0.688533E+00
    75.600   0.688471E+00
    75.700   0.688410E+00
    75.800   0.688348E+00
    75.900   0.688286E+00
    76.000   0.688224E+00
    76.100   0.688161E+00
    76.200   0.688098E+00
    76.300   0.688035E+00
    76.400   0.687972E+00
    76.500   0.687908E+00
    76.600   0.687844E+00
    76.700   0.687780E+00
    76.800   0.687715E+00
    76.900   0.687650E+00
    77.000   0.687585E+00
    77.100   0.687519E+00
    77.200   0.687454E+00
    77.300   0.687388E+00
    77.400   0.687321E+00
    77.500   0.687255E+00
    77.600   0.687188E+00
    77.700   0.687121E+00
    77.800   0.687053E+00
    77.900   0.686986E+00
    78.000   0.686918E+00
    78.100   0.686850E+00
    78.200   0.686781E+00
    78.300   0.686712E+00
    78.400   0.686643E+00
    78.500   0.686574E+00
    78.600   0.686504E+00
    78.700   0.686435E+00
    78.800   0.686365E+00
    78.900   0.686294E+00
    79.000   0.686224E+00
    79.100   0.686153E+00
    79.200   0.686082E+00
    79.300   0.686010E+00
    79.400   0.685939E+00
    79.500   0.685867E+00
    79.600   0.685795E+00
    79.700   0.685723E+00
    79.800   0.685650E+00
    79.900   0.685577E+00
    80.000   0.685504E+00
    80.100   0.685431E+00
    80.200   0.685357E+00
    80.300   0.685284E+00
    80.400   0.685210E+00
    80.500   0.685136E+00
    80.600   0.685061E+00
    80.700   0.684987E+00
    80.800   0.684912E+00
    80.900   0.684837E+00
    81.000   0.684762E+00
    81.100   0.684686E+00
    81.200   0.684611E+00
    81.300   0.684535E+00
    81.400   0.684459E+00
    81.500   0.684383E+00
    81.600   0.684306E+00
    81.700   0.684230E+00
    81.800   0.684153E+00
    81.900   0.684076E+00
    82.000   0.683998E+00
    82.100   0.683921E+00
    82.200   0.683843E+00
    82.300   0.683766E+00
    82.400   0.683688E+00
    82.500   0.683609E+00
    82.600   0.683531E+00
    82.700   0.683452E+00
    82.800   0.683374E+00
    82.900   0.683295E+00
    83.000   0.683215E+00
    83.100   0.683136E+00
    83.200   0.683057E+00
    83.300   0.682977E+00
    83.400   0.682897E+00
    83.500   0.682817E+00
    83.600   0.682736E+00
    83.700   0.682656E+00
    83.800   0.682575E+00
    83.900   0.682495E+00
    84.000   0.682413E+00
    84.100   0.682332E+00
    84.200   0.682251E+00
    84.300   0.682169E+00
    84.400   0.682088E+00
    84.500   0.682006E+00
    84.600   0.681924E+00
    84.700   0.681841E+00
    84.800   0.681759E+00
    84.900   0.681676E+00
    85.000   0.681593E+00
    85.100   0.681510E+00
    85.200   0.681427E+00
    85.300   0.681344E+00
    85.400   0.681260E+00
    85.500   0.681177E+00
    85.600   0.681093E+00
    85.700   0.681009E+00
    85.800   0.680925E+00
    85.900   0.680840E+00
    86.000   0.680756E+00
    86.100   0.680671E+00
    86.200   0.680587E+00
    86.300   0.680502E+00
    86.400   0.680417E+00
    86.500   0.680332E+00
    86.600   0.680246E+00
    86.700   0.680161E+00
    86.800   0.680075E+00
    86.900   0.679989E+00
    87.000   0.679903E+00
    87.100   0.679817E+00
    87.200   0.679731E+00
    87.300   0.679645E+00
    87.400   0.679559E+00
    87.500   0.679472E+00
    87.600   0.679385E+00
    87.700   0.679298E+00
    87.800   0.679212E+00
    87.900   0.679124E+00
    88.000   0.679037E+00
    88.100   0.678950E+00
    88.200   0.678863E+00
    88.300   0.678775E+00
    88.400   0.678687E+00
    88.500   0.678599E+00
    88.600   0.678512E+00
    88.700   0.678424E+00
    88.800   0.678335E+00
    88.900   0.678247E+00
    89.000   0.678159E+00
    89.100   0.678070E+00
    89.200   0.677982E+00
    89.300   0.677893E+00
    89.400   0.677804E+00
    89.500   0.677715E+00
    89.600   0.677626E+00
    89.700   0.677537E+00
    89.800   0.677447E+00
    89.900   0.677358E+00
    90.000   0.677268E+00
    90.100   0.677179E+00
    90.200   0.677089E+00
    90.300   0.676999E+00
    90.400   0.676909E+00
    90.500   0.676819E+00
    90.600   0.676729E+00
    90.700   0.676638E+00
    90.800   0.676548E+00
    90.900   0.676457E+00
    91.000   0.676367E+00
    91.100   0.676276E+00
    91.200   0.676185E+00
    91.300   0.676094E+00
    91.400   0.676003E+00
    91.500   0.675912E+00
    91.600   0.675821E+00
    91.700   0.675729E+00
    91.800   0.675638E+00
    91.900   0.675546E+00
    92.000   0.675455E+00
    92.100   0.675363E+00
    92.200   0.675271E+00
    92.300   0.675179E+00
    92.400   0.675087E+00
    92.500   0.674995E+00
    92.600   0.674903E+00
    92.700   0.674811E+00
    92.800   0.674718E+00
    92.900   0.674626E+00
    93.000   0.674533E+00
    93.100   0.674441E+00
    93.200   0.674348E+00
    93.300   0.674255E+00
    93.400   0.674162E+00
    93.500   0.674069E+00
    93.600   0.673976E+00
    93.700   0.673883E+00
    93.800   0.673790E+00
    93.900   0.673697E+00
    94.000   0.673604E+00
    94.100   0.673510E+00
    94.200   0.673417E+00
    94.300   0.673324E+00
    94.400   0.673230E+00
    94.500   0.673136E+00
    94.600   0.673043E+00
    94.700   0.672949E+00
    94.800   0.672855E+00
    94.900   0.672761E+00
    95.000   0.672668E+00
    95.100   0.672574E+00
    95.200   0.672480E+00
    95.300   0.672385E+00
    95.400   0.672291E+00
    95.500   0.672197E+00
    95.600   0.672103E+00
    95.700   0.672008E+00
    95.800   0.671914E+00
    95.900   0.671820E+00
    96.000   0.671725E+00
    96.100   0.671630E+00
    96.200   0.671536E+00
    96.300   0.671441E+00
    96.400   0.671346E+00
    96.500   0.671252E+00
    96.600   0.671157E+00
    96.700   0.671062E+00
    96.800   0.670967E+00
    96.900   0.670872E+00
    97.000   0.670777E+00
    97.100   0.670681E+00
    97.200   0.670586E+00
    97.300   0.670491E+00
    97.400   0.670396E+00
    97.500   0.670300E+00
    97.600   0.670205E+00
    97.700   0.670109E+00
    97.800   0.670014E+00
    97.900   0.669918E+00
    98.000   0.669823E+00
    98.100   0.669727E+00
    98.200   0.669631E+00
    98.300   0.669536E+00
    98.400   0.669440E+00
    98.500   0.669344E+00
    98.600   0.669248E+00
    98.700   0.669152E+00
    98.800   0.669056E+00
    98.900   0.668960E+00
    99.000   0.668864E+00
    99.100   0.668768E+00
    99.200   0.668672E+00
    99.300   0.668576E+00
    99.400   0.668480E+00
    99.500   0.668384E+00
    99.600   0.668288E+00
    99.700   0.668191E+00
    99.800   0.668095E+00
    99.900   0.667999E+00
   100.000   0.667902E+00
   100.100   0.667806E+00
   100.200   0.667710E+00
   100.300   0.667613E+00
   100.400   0.667517E+00
   100.500   0.667420E+00
   100.600   0.667324E+00
   100.700   0.667227E+00
   100.800   0.667131E+00
   100.900   0.667034E+00
   101.000   0.666938E+00
   101.100   0.666841E+00
   101.200   0.666745E+00
   101.300   0.666648E+00
   101.400   0.666551E+00
   101.500   0.666455E+00
   101.600   0.666358E+00
   101.700   0.666261E+00
   101.800   0.666165E+00
   101.900   0.666068E+00
   102.000   0.665971E+00
   102.100   0.665874E+00
   102.200   0.665778E+00
   102.300   0.665681E+00
   102.400   0.665584E+00
   102.500   0.665487E+00
   102.600   0.665390E+00
   102.700   0.665293E+00
   102.800   0.665196E+00
   102.900   0.665100E+00
   103.000   0.665003E+00
   103.100   0.664906E+00
   103.200   0.664809E+00
   103.300   0.664712E+00
   103.400   0.664615E+00
   103.500   0.664518E+00
   103.600   0.664421E+00
   103.700   0.664324E+00
   103.800   0.664227E+00
   103.900   0.664130E+00
   104.000   0.664033E+00
   104.100   0.663936E+00
   104.200   0.663839E+00
   104.300   0.663741E+00
   104.400   0.663644E+00
   104.500   0.663547E+00
   104.600   0.663450E+00
   104.700   0.663353E+00
   104.800   0.663256E+00
   104.900   0.663159E+00
   105.000   0.663062E+00
   105.100   0.662965E+00
   105.200   0.662868E+00
   105.300   0.662770E+00
   105.400   0.662673E+00
   105.500   0.662576E+00
   105.600   0.662479E+00
   105.700   0.662382E+00
   105.800   0.662285E+00
   105.900   0.662188E+00
   106.000   0.662091E+00
   106.100   0.661994E+00
   106.200   0.661897E+00
   106.300   0.661800E+00
   106.400   0.661702E+00
   106.500   0.661605E+00
   106.600   0.661508E+00
   106.700   0.661411E+00
   106.800   0.661314E+00
   106.900   0.661217E+00
   107.000   0.661120E+00
   107.100   0.661023E+00
   107.200   0.660926E+00
   107.300   0.660829E+00
   107.400   0.660732E+00
   107.500   0.660635E+00
   107.600   0.660538E+00
   107.700   0.660442E+00
   107.800   0.660345E+00
   107.900   0.660248E+00
   108.000   0.660151E+00
   108.100   0.660054E+00
   108.200   0.659957E+00
   108.300   0.659860E+00
   108.400   0.659763E+00
   108.500   0.659667E+00
   108.600   0.659570E+00
   108.700   0.659473E+00
   108.800   0.659376E+00
   108.900   0.659279E+00
   109.000   0.659183E+00
   109.100   0.659086E+00
   109.200   0.658989E+00
   109.300   0.658892E+00
   109.400   0.658796E+00
   109.500   0.658699E+00
   109.600   0.658602E+00
   109.700   0.658506E+00
   109.800   0.658409E+00
   109.900   0.658313E+00
   110.000   0.658216E+00
   110.100   0.658119E+00
   110.200   0.658023E+00
   110.300   0.657926E+00
   110.400   0.657830E+00
   110.500   0.657733E+00
   110.600   0.657637E+00
   110.700   0.657540E+00
   110.800   0.657444E+00
   110.900   0.657348E+00
   111.000   0.657251E+00
   111.100   0.657155E+00
   111.200   0.657059E+00
   111.300   0.656962E+00
   111.400   0.656866E+00
   111.500   0.656770E+00
   111.600   0.656674E+00
   111.700   0.656577E+00
   111.800   0.656481E+00
   111.900   0.656385E+00
   112.000   0.656289E+00
   112.100   0.656193E+00
   112.200   0.656097E+00
   112.300   0.656001E+00
   112.400   0.655905E+00
   112.500   0.655809E+00
   112.600   0.655713E+00
   112.700   0.655617E+00
   112.800   0.655521E+00
   112.900   0.655425E+00
   113.000   0.655330E+00
   113.100   0.655234E+00
   113.200   0.655138E+00
   113.300   0.655042E+00
   113.400   0.654947E+00
   113.500   0.654851E+00
   113.600   0.654755E+00
   113.700   0.654660E+00
   113.800   0.654564E+00
   113.900   0.654469E+00
   114.000   0.654373E+00
   114.100   0.654278E+00
   114.200   0.654183E+00
   114.300   0.654087E+00
   114.400   0.653992E+00
   114.500   0.653897E+00
   114.600   0.653801E+00
   114.700   0.653706E+00
   114.800   0.653611E+00
   114.900   0.653516E+00
   115.000   0.653421E+00
   115.100   0.653326E+00
   115.200   0.653231E+00
   115.300   0.653136E+00
   115.400   0.653041E+00
   115.500   0.652946E+00
   115.600   0.652851E+00
   115.700   0.652756E+00
   115.800   0.652662E+00
   115.900   0.652567E+00
   116.000   0.652472E+00
   116.100   0.652377E+00
   116.200   0.652283E+00
   116.300   0.652188E+00
   116.400   0.652094E+00
   116.500   0.651999E+00
   116.600   0.651905E+00
   116.700   0.651810E+00
   116.800   0.651716E+00
   116.900   0.651622E+00
   117.000   0.651527E+00
   117.100   0.651433E+00
   117.200   0.651339E+00
   117.300   0.651245E+00
   117.400   0.651151E+00
   117.500   0.651057E+00
   117.600   0.650963E+00
   117.700   0.650869E+00
   117.800   0.650775E+00
   117.900   0.650681E+00
   118.000   0.650587E+00
   118.100   0.650493E+00
   118.200   0.650399E+00
   118.300   0.650306E+00
   118.400   0.650212E+00
   118.500   0.650119E+00
   118.600   0.650025E+00
   118.700   0.649931E+00
   118.800   0.649838E+00
   118.900   0.649745E+00
   119.000   0.649651E+00
   119.100   0.649558E+00
   119.200   0.649465E+00
   119.300   0.649372E+00
   119.400   0.649278E+00
   119.500   0.649185E+00
   119.600   0.649092E+00
   119.700   0.648999E+00
   119.800   0.648906E+00
   119.900   0.648813E+00
   120.000   0.648721E+00
   120.100   0.648628E+00
   120.200   0.648535E+00
   120.300   0.648442E+00
   120.400   0.648350E+00
   120.500   0.648257E+00
   120.600   0.648165E+00
   120.700   0.648072E+00
   120.800   0.647980E+00
   120.900   0.647887E+00
   121.000   0.647795E+00
   121.100   0.647703E+00
   121.200   0.647611E+00
   121.300   0.647518E+00
   121.400   0.647426E+00
   121.500   0.647334E+00
   121.600   0.647242E+00
   121.700   0.647150E+00
   121.800   0.647058E+00
   121.900   0.646967E+00
   122.000   0.646875E+00
   122.100   0.646783E+00
   122.200   0.646691E+00
   122.300   0.646600E+00
   122.400   0.646508E+00
   122.500   0.646417E+00
   122.600   0.646325E+00
   122.700   0.646234E+00
   122.800   0.646143E+00
   122.900   0.646051E+00
   123.000   0.645960E+00
   123.100   0.645869E+00
   123.200   0.645778E+00
   123.300   0.645687E+00
   123.400   0.645596E+00
   123.500   0.645505E+00
   123.600   0.645414E+00
   123.700   0.645323E+00
   123.800   0.645233E+00
   123.900   0.645142E+00
   124.000   0.645051E+00
   124.100   0.644961E+00
   124.200   0.644870E+00
   124.300   0.644780E+00
   124.400   0.644689E+00
   124.500   0.644599E+00
   124.600   0.644509E+00
   124.700   0.644419E+00
   124.800   0.644328E+00
   124.900   0.644238E+00
   125.000   0.644148E+00
   125.100   0.644058E+00
   125.200   0.643969E+00
   125.300   0.643879E+00
   125.400   0.643789E+00
   125.500   0.643699E+00
   125.600   0.643610E+00
   125.700   0.643520E+00
   125.800   0.643430E+00
   125.900   0.643341E+00
   126.000   0.643252E+00
   126.100   0.643162E+00
   126.200   0.643073E+00
   126.300   0.642984E+00
   126.400   0.642895E+00
   126.500   0.642806E+00
   126.600   0.642717E+00
   126.700   0.642628E+00
   126.800   0.642539E+00
   126.900   0.642450E+00
   127.000   0.642361E+00
   127.100   0.642273E+00
   127.200   0.642184E+00
   127.300   0.642095E+00
   127.400   0.642007E+00
   127.500   0.641918E+00
   127.600   0.641830E+00
   127.700   0.641742E+00
   127.800   0.641654E+00
   127.900   0.641565E+00
   128.000   0.641477E+00
   128.100   0.641389E+00
   128.200   0.641301E+00
   128.300   0.641213E+00
   128.400   0.641125E+00
   128.500   0.641038E+00
   128.600   0.640950E+00
   128.700   0.640862E+00
   128.800   0.640775E+00
   128.900   0.640687E+00
   129.000   0.640600E+00
   129.100   0.640512E+00
   129.200   0.640425E+00
   129.300   0.640338E+00
   129.400   0.640251E+00
   129.500   0.640164E+00
   129.600   0.640077E+00
   129.700   0.639990E+00
   129.800   0.639903E+00
   129.900   0.639816E+00
   130.000   0.639729E+00
   130.100   0.639642E+00
   130.200   0.639556E+00
   130.300   0.639469E+00
   130.400   0.639383E+00
   130.500   0.639296E+00
   130.600   0.639210E+00
   130.700   0.639124E+00
   130.800   0.639038E+00
   130.900   0.638951E+00
   131.000   0.638865E+00
   131.100   0.638779E+00
   131.200   0.638693E+00
   131.300   0.638608E+00
   131.400   0.638522E+00
   131.500   0.638436E+00
   131.600   0.638350E+00
   131.700   0.638265E+00
   131.800   0.638179E+00
   131.900   0.638094E+00
   132.000   0.638008E+00
   132.100   0.637923E+00
   132.200   0.637838E+00
   132.300   0.637753E+00
   132.400   0.637668E+00
   132.500   0.637583E+00
   132.600   0.637498E+00
   132.700   0.637413E+00
   132.800   0.637328E+00
   132.900   0.637243E+00
   133.000   0.637159E+00
   133.100   0.637074E+00
   133.200   0.636990E+00
   133.300   0.636905E+00
   133.400   0.636821E+00
   133.500   0.636736E+00
   133.600   0.636652E+00
   133.700   0.636568E+00
   133.800   0.636484E+00
   133.900   0.636400E+00
   134.000   0.636316E+00
   134.100   0.636232E+00
   134.200   0.636148E+00
   134.300   0.636065E+00
   134.400   0.635981E+00
   134.500   0.635898E+00
   134.600   0.635814E+00
   134.700   0.635731E+00
   134.800   0.635647E+00
   134.900   0.635564E+00
   135.000   0.635481E+00
   135.100   0.635398E+00
   135.200   0.635315E+00
   135.300   0.635232E+00
   135.400   0.635149E+00
   135.500   0.635066E+00
   135.600   0.634983E+00
   135.700   0.634900E+00
   135.800   0.634818E+00
   135.900   0.634735E+00
   136.000   0.634653E+00
   136.100   0.634570E+00
   136.200   0.634488E+00
   136.300   0.634406E+00
   136.400   0.634324E+00
   136.500   0.634242E+00
   136.600   0.634159E+00
   136.700   0.634078E+00
   136.800   0.633996E+00
   136.900   0.633914E+00
   137.000   0.633832E+00
   137.100   0.633750E+00
   137.200   0.633669E+00
   137.300   0.633587E+00
   137.400   0.633506E+00
   137.500   0.633425E+00
   137.600   0.633343E+00
   137.700   0.633262E+00
   137.800   0.633181E+00
   137.900   0.633100E+00
   138.000   0.633019E+00
   138.100   0.632938E+00
   138.200   0.632857E+00
   138.300   0.632777E+00
   138.400   0.632696E+00
   138.500   0.632615E+00
   138.600   0.632535E+00
   138.700   0.632454E+00
   138.800   0.632374E+00
   138.900   0.632294E+00
   139.000   0.632213E+00
   139.100   0.632133E+00
   139.200   0.632053E+00
   139.300   0.631973E+00
   139.400   0.631893E+00
   139.500   0.631814E+00
   139.600   0.631734E+00
   139.700   0.631654E+00
   139.800   0.631574E+00
   139.900   0.631495E+00
   140.000   0.631415E+00
   140.100   0.631336E+00
   140.200   0.631257E+00
   140.300   0.631178E+00
   140.400   0.631098E+00
   140.500   0.631019E+00
   140.600   0.630940E+00
   140.700   0.630861E+00
   140.800   0.630783E+00
   140.900   0.630704E+00
   141.000   0.630625E+00
   141.100   0.630547E+00
   141.200   0.630468E+00
   141.300   0.630390E+00
   141.400   0.630311E+00
   141.500   0.630233E+00
   141.600   0.630155E+00
   141.700   0.630077E+00
   141.800   0.629998E+00
   141.900   0.629920E+00
   142.000   0.629843E+00
   142.100   0.629765E+00
   142.200   0.629687E+00
   142.300   0.629609E+00
   142.400   0.629532E+00
   142.500   0.629454E+00
   142.600   0.629377E+00
   142.700   0.629299E+00
   142.800   0.629222E+00
   142.900   0.629145E+00
   143.000   0.629068E+00
   143.100   0.628991E+00
   143.200   0.628914E+00
   143.300   0.628837E+00
   143.400   0.628760E+00
   143.500   0.628683E+00
   143.600   0.628606E+00
   143.700   0.628530E+00
   143.800   0.628453E+00
   143.900   0.628377E+00
   144.000   0.628300E+00
   144.100   0.628224E+00
   144.200   0.628148E+00
   144.300   0.628072E+00
   144.400   0.627996E+00
   144.500   0.627920E+00
   144.600   0.627844E+00
   144.700   0.627768E+00
   144.800   0.627692E+00
   144.900   0.627617E+00
   145.000   0.627541E+00
   145.100   0.627465E+00
   145.200   0.627390E+00
   145.300   0.627315E+00
   145.400   0.627239E+00
   145.500   0.627164E+00
   145.600   0.627089E+00
   145.700   0.627014E+00
   145.800   0.626939E+00
   145.900   0.626864E+00
   146.000   0.626789E+00
   146.100   0.626715E+00
   146.200   0.626640E+00
   146.300   0.626565E+00
   146.400   0.626491E+00
   146.500   0.626416E+00
   146.600   0.626342E+00
   146.700   0.626268E+00
   146.800   0.626194E+00
   146.900   0.626120E+00
   147.000   0.626046E+00
   147.100   0.625972E+00
   147.200   0.625898E+00
   147.300   0.625824E+00
   147.400   0.625750E+00
   147.500   0.625677E+00
   147.600   0.625603E+00
   147.700   0.625530E+00
   147.800   0.625456E+00
   147.900   0.625383E+00
   148.000   0.625310E+00
   148.100   0.625236E+00
   148.200   0.625163E+00
   148.300   0.625090E+00
   148.400   0.625017E+00
   148.500   0.624945E+00
   148.600   0.624872E+00
   148.700   0.624799E+00
   148.800   0.624726E+00
   148.900   0.624654E+00
   149.000   0.624581E+00
   149.100   0.624509E+00
   149.200   0.624437E+00
   149.300   0.624364E+00
   149.400   0.624292E+00
   149.500   0.624220E+00
   149.600   0.624148E+00
   149.700   0.624076E+00
   149.800   0.624005E+00
   149.900   0.623933E+00
   150.000   0.623861E+00
   150.100   0.623789E+00
   150.200   0.623718E+00
   150.300   0.623647E+00
   150.400   0.623575E+00
   150.500   0.623504E+00
   150.600   0.623433E+00
   150.700   0.623362E+00
   150.800   0.623290E+00
   150.900   0.623219E+00
   151.000   0.623149E+00
   151.100   0.623078E+00
   151.200   0.623007E+00
   151.300   0.622936E+00
   151.400   0.622866E+00
   151.500   0.622795E+00
   151.600   0.622725E+00
   151.700   0.622654E+00
   151.800   0.622584E+00
   151.900   0.622514E+00
   152.000   0.622444E+00
   152.100   0.622374E+00
   152.200   0.622304E+00
   152.300   0.622234E+00
   152.400   0.622164E+00
   152.500   0.622094E+00
   152.600   0.622025E+00
   152.700   0.621955E+00
   152.800   0.621886E+00
   152.900   0.621816E+00
   153.000   0.621747E+00
   153.100   0.621678E+00
   153.200   0.621609E+00
   153.300   0.621539E+00
   153.400   0.621470E+00
   153.500   0.621402E+00
   153.600   0.621333E+00
   153.700   0.621264E+00
   153.800   0.621195E+00
   153.900   0.621126E+00
   154.000   0.621058E+00
   154.100   0.620989E+00
   154.200   0.620921E+00
   154.300   0.620853E+00
   154.400   0.620784E+00
   154.500   0.620716E+00
   154.600   0.620648E+00
   154.700   0.620580E+00
   154.800   0.620512E+00
   154.900   0.620444E+00
   155.000   0.620377E+00
   155.100   0.620309E+00
   155.200   0.620241E+00
   155.300   0.620174E+00
   155.400   0.620106E+00
   155.500   0.620039E+00
   155.600   0.619972E+00
   155.700   0.619904E+00
   155.800   0.619837E+00
   155.900   0.619770E+00
   156.000   0.619703E+00
   156.100   0.619636E+00
   156.200   0.619569E+00
   156.300   0.619503E+00
   156.400   0.619436E+00
   156.500   0.619369E+00
   156.600   0.619303E+00
   156.700   0.619236E+00
   156.800   0.619170E+00
   156.900   0.619104E+00
   157.000   0.619037E+00
   157.100   0.618971E+00
   157.200   0.618905E+00
   157.300   0.618839E+00
   157.400   0.618773E+00
   157.500   0.618707E+00
   157.600   0.618642E+00
   157.700   0.618576E+00
   157.800   0.618510E+00
   157.900   0.618445E+00
   158.000   0.618379E+00
   158.100   0.618314E+00
   158.200   0.618249E+00
   158.300   0.618183E+00
   158.400   0.618118E+00
   158.500   0.618053E+00
   158.600   0.617988E+00
   158.700   0.617923E+00
   158.800   0.617858E+00
   158.900   0.617794E+00
   159.000   0.617729E+00
   159.100   0.617664E+00
   159.200   0.617600E+00
   159.300   0.617535E+00
   159.400   0.617471E+00
   159.500   0.617406E+00
   159.600   0.617342E+00
   159.700   0.617278E+00
   159.800   0.617214E+00
   159.900   0.617150E+00
   160.000   0.617086E+00
   160.100   0.617022E+00
   160.200   0.616958E+00
   160.300   0.616895E+00
   160.400   0.616831E+00
   160.500   0.616768E+00
   160.600   0.616704E+00
   160.700   0.616641E+00
   160.800   0.616577E+00
   160.900   0.616514E+00
   161.000   0.616451E+00
   161.100   0.616388E+00
   161.200   0.616325E+00
   161.300   0.616262E+00
   161.400   0.616199E+00
   161.500   0.616136E+00
   161.600   0.616074E+00
   161.700   0.616011E+00
   161.800   0.615948E+00
   161.900   0.615886E+00
   162.000   0.615823E+00
   162.100   0.615761E+00
   162.200   0.615699E+00
   162.300   0.615637E+00
   162.400   0.615575E+00
   162.500   0.615513E+00
   162.600   0.615451E+00
   162.700   0.615389E+00
   162.800   0.615327E+00
   162.900   0.615265E+00
   163.000   0.615203E+00
   163.100   0.615142E+00
   163.200   0.615080E+00
   163.300   0.615019E+00
   163.400   0.614958E+00
   163.500   0.614896E+00
   163.600   0.614835E+00
   163.700   0.614774E+00
   163.800   0.614713E+00
   163.900   0.614652E+00
   164.000   0.614591E+00
   164.100   0.614530E+00
   164.200   0.614469E+00
   164.300   0.614409E+00
   164.400   0.614348E+00
   164.500   0.614288E+00
   164.600   0.614227E+00
   164.700   0.614167E+00
   164.800   0.614106E+00
   164.900   0.614046E+00
   165.000   0.613986E+00
   165.100   0.613926E+00
   165.200   0.613866E+00
   165.300   0.613806E+00
   165.400   0.613746E+00
   165.500   0.613686E+00
   165.600   0.613627E+00
   165.700   0.613567E+00
   165.800   0.613507E+00
   165.900   0.613448E+00
   166.000   0.613388E+00
   166.100   0.613329E+00
   166.200   0.613270E+00
   166.300   0.613211E+00
   166.400   0.613151E+00
   166.500   0.613092E+00
   166.600   0.613033E+00
   166.700   0.612975E+00
   166.800   0.612916E+00
   166.900   0.612857E+00
   167.000   0.612798E+00
   167.100   0.612740E+00
   167.200   0.612681E+00
   167.300   0.612623E+00
   167.400   0.612564E+00
   167.500   0.612506E+00
   167.600   0.612448E+00
   167.700   0.612390E+00
   167.800   0.612331E+00
   167.900   0.612273E+00
   168.000   0.612215E+00
   168.100   0.612158E+00
   168.200   0.612100E+00
   168.300   0.612042E+00
   168.400   0.611984E+00
   168.500   0.611927E+00
   168.600   0.611869E+00
   168.700   0.611812E+00
   168.800   0.611754E+00
   168.900   0.611697E+00
   169.000   0.611640E+00
   169.100   0.611583E+00
   169.200   0.611526E+00
   169.300   0.611469E+00
   169.400   0.611412E+00
   169.500   0.611355E+00
   169.600   0.611298E+00
   169.700   0.611241E+00
   169.800   0.611185E+00
   169.900   0.611128E+00
   170.000   0.611072E+00
   170.100   0.611015E+00
   170.200   0.610959E+00
   170.300   0.610902E+00
   170.400   0.610846E+00
   170.500   0.610790E+00
   170.600   0.610734E+00
   170.700   0.610678E+00
   170.800   0.610622E+00
   170.900   0.610566E+00
   171.000   0.610510E+00
   171.100   0.610455E+00
   171.200   0.610399E+00
   171.300   0.610343E+00
   171.400   0.610288E+00
   171.500   0.610233E+00
   171.600   0.610177E+00
   171.700   0.610122E+00
   171.800   0.610067E+00
   171.900   0.610012E+00
   172.000   0.609956E+00
   172.100   0.609901E+00
   172.200   0.609846E+00
   172.300   0.609792E+00
   172.400   0.609737E+00
   172.500   0.609682E+00
   172.600   0.609627E+00
   172.700   0.609573E+00
   172.800   0.609518E+00
   172.900   0.609464E+00
   173.000   0.609410E+00
   173.100   0.609355E+00
   173.200   0.609301E+00
   173.300   0.609247E+00
   173.400   0.609193E+00
   173.500   0.609139E+00
   173.600   0.609085E+00
   173.700   0.609031E+00
   173.800   0.608977E+00
   173.900   0.608923E+00
   174.000   0.608870E+00
   174.100   0.608816E+00
   174.200   0.608763E+00
   174.300   0.608709E+00
   174.400   0.608656E+00
   174.500   0.608602E+00
   174.600   0.608549E+00
   174.700   0.608496E+00
   174.800   0.608443E+00
   174.900   0.608390E+00
   175.000   0.608337E+00
   175.100   0.608284E+00
   175.200   0.608231E+00
   175.300   0.608178E+00
   175.400   0.608126E+00
   175.500   0.608073E+00
   175.600   0.608020E+00
   175.700   0.607968E+00
   175.800   0.607915E+00
   175.900   0.607863E+00
   176.000   0.607811E+00
   176.100   0.607759E+00
   176.200   0.607706E+00
   176.300   0.607654E+00
   176.400   0.607602E+00
   176.500   0.607550E+00
   176.600   0.607498E+00
   176.700   0.607447E+00
   176.800   0.607395E+00
   176.900   0.607343E+00
   177.000   0.607292E+00
   177.100   0.607240E+00
   177.200   0.607189E+00
   177.300   0.607137E+00
   177.400   0.607086E+00
   177.500   0.607035E+00
   177.600   0.606983E+00
   177.700   0.606932E+00
   177.800   0.606881E+00
   177.900   0.606830E+00
   178.000   0.606779E+00
   178.100   0.606728E+00
   178.200   0.606678E+00
   178.300   0.606627E+00
   178.400   0.606576E+00
   178.500   0.606526E+00
   178.600   0.606475E+00
   178.700   0.606425E+00
   178.800   0.606374E+00
   178.900   0.606324E+00
   179.000   0.606274E+00
   179.100   0.606224E+00
   179.200   0.606173E+00
   179.300   0.606123E+00
   179.400   0.606073E+00
   179.500   0.606024E+00
   179.600   0.605974E+00
   179.700   0.605924E+00
   179.800   0.605874E+00
   179.900   0.605824E+00
   180.000   0.605775E+00
   180.100   0.605725E+00
   180.200   0.605676E+00
   180.300   0.605627E+00
   180.400   0.605577E+00
   180.500   0.605528E+00
   180.600   0.605479E+00
   180.700   0.605430E+00
   180.800   0.605381E+00
   180.900   0.605332E+00
   181.000   0.605283E+00
   181.100   0.605234E+00
   181.200   0.605185E+00
   181.300   0.605136E+00
   181.400   0.605088E+00
   181.500   0.605039E+00
   181.600   0.604990E+00
   181.700   0.604942E+00
   181.800   0.604894E+00
   181.900   0.604845E+00
   182.000   0.604797E+00
   182.100   0.604749E+00
   182.200   0.604701E+00
   182.300   0.604653E+00
   182.400   0.604604E+00
   182.500   0.604557E+00
   182.600   0.604509E+00
   182.700   0.604461E+00
   182.800   0.604413E+00
   182.900   0.604365E+00
   183.000   0.604318E+00
   183.100   0.604270E+00
   183.200   0.604223E+00
   183.300   0.604175E+00
   183.400   0.604128E+00
   183.500   0.604081E+00
   183.600   0.604033E+00
   183.700   0.603986E+00
   183.800   0.603939E+00
   183.900   0.603892E+00
   184.000   0.603845E+00
   184.100   0.603798E+00
   184.200   0.603751E+00
   184.300   0.603704E+00
   184.400   0.603658E+00
   184.500   0.603611E+00
   184.600   0.603564E+00
   184.700   0.603518E+00
   184.800   0.603471E+00
   184.900   0.603425E+00
   185.000   0.603379E+00
   185.100   0.603332E+00
   185.200   0.603286E+00
   185.300   0.603240E+00
   185.400   0.603194E+00
   185.500   0.603148E+00
   185.600   0.603102E+00
   185.700   0.603056E+00
   185.800   0.603010E+00
   185.900   0.602964E+00
   186.000   0.602919E+00
   186.100   0.602873E+00
   186.200   0.602827E+00
   186.300   0.602782E+00
   186.400   0.602736E+00
   186.500   0.602691E+00
   186.600   0.602646E+00
   186.700   0.602600E+00
   186.800   0.602555E+00
   186.900   0.602510E+00
   187.000   0.602465E+00
   187.100   0.602420E+00
   187.200   0.602375E+00
   187.300   0.602330E+00
   187.400   0.602285E+00
   187.500   0.602240E+00
   187.600   0.602196E+00
   187.700   0.602151E+00
   187.800   0.602106E+00
   187.900   0.602062E+00
   188.000   0.602017E+00
   188.100   0.601973E+00
   188.200   0.601928E+00
   188.300   0.601884E+00
   188.400   0.601840E+00
   188.500   0.601796E+00
   188.600   0.601752E+00
   188.700   0.601708E+00
   188.800   0.601664E+00
   188.900   0.601620E+00
   189.000   0.601576E+00
   189.100   0.601532E+00
   189.200   0.601488E+00
   189.300   0.601445E+00
   189.400   0.601401E+00
   189.500   0.601357E+00
   189.600   0.601314E+00
   189.700   0.601270E+00
   189.800   0.601227E+00
   189.900   0.601184E+00
   190.000   0.601140E+00
   190.100   0.601097E+00
   190.200   0.601054E+00
   190.300   0.601011E+00
   190.400   0.600968E+00
   190.500   0.600925E+00
   190.600   0.600882E+00
   190.700   0.600839E+00
   190.800   0.600796E+00
   190.900   0.600754E+00
   191.000   0.600711E+00
   191.100   0.600668E+00
   191.200   0.600626E+00
   191.300   0.600583E+00
   191.400   0.600541E+00
   191.500   0.600499E+00
   191.600   0.600456E+00
   191.700   0.600414E+00
   191.800   0.600372E+00
   191.900   0.600330E+00
   192.000   0.600288E+00
   192.100   0.600246E+00
   192.200   0.600204E+00
   192.300   0.600162E+00
   192.400   0.600120E+00
   192.500   0.600078E+00
   192.600   0.600036E+00
   192.700   0.599995E+00
   192.800   0.599953E+00
   192.900   0.599912E+00
   193.000   0.599870E+00
   193.100   0.599829E+00
   193.200   0.599787E+00
   193.300   0.599746E+00
   193.400   0.599705E+00
   193.500   0.599663E+00
   193.600   0.599622E+00
   193.700   0.599581E+00
   193.800   0.599540E+00
   193.900   0.599499E+00
   194.000   0.599458E+00
   194.100   0.599417E+00
   194.200   0.599377E+00
   194.300   0.599336E+00
   194.400   0.599295E+00
   194.500   0.599255E+00
   194.600   0.599214E+00
   194.700   0.599174E+00
   194.800   0.599133E+00
   194.900   0.599093E+00
   195.000   0.599052E+00
   195.100   0.599012E+00
   195.200   0.598972E+00
   195.300   0.598932E+00
   195.400   0.598892E+00
   195.500   0.598851E+00
   195.600   0.598811E+00
   195.700   0.598772E+00
   195.800   0.598732E+00
   195.900   0.598692E+00
   196.000   0.598652E+00
   196.100   0.598612E+00
   196.200   0.598573E+00
   196.300   0.598533E+00
   196.400   0.598493E+00
   196.500   0.598454E+00
   196.600   0.598415E+00
   196.700   0.598375E+00
   196.800   0.598336E+00
   196.900   0.598297E+00
   197.000   0.598257E+00
   197.100   0.598218E+00
   197.200   0.598179E+00
   197.300   0.598140E+00
   197.400   0.598101E+00
   197.500   0.598062E+00
   197.600   0.598023E+00
   197.700   0.597984E+00
   197.800   0.597946E+00
   197.900   0.597907E+00
   198.000   0.597868E+00
   198.100   0.597830E+00
   198.200   0.597791E+00
   198.300   0.597753E+00
   198.400   0.597714E+00
   198.500   0.597676E+00
   198.600   0.597637E+00
   198.700   0.597599E+00
   198.800   0.597561E+00
   198.900   0.597523E+00
   199.000   0.597485E+00
   199.100   0.597447E+00
   199.200   0.597409E+00
   199.300   0.597371E+00
   199.400   0.597333E+00
   199.500   0.597295E+00
   199.600   0.597257E+00
   199.700   0.597219E+00
   199.800   0.597182E+00
   199.900   0.597144E+00
   200.000   0.597106E+00
   200.100   0.597069E+00
   200.200   0.597031E+00
   200.300   0.596994E+00
   200.400   0.596957E+00
   200.500   0.596919E+00
   200.600   0.596882E+00
   200.700   0.596845E+00
   200.800   0.596808E+00
   200.900   0.596771E+00
   201.000   0.596734E+00
   201.100   0.596697E+00
   201.200   0.596660E+00
   201.300   0.596623E+00
   201.400   0.596586E+00
   201.500   0.596549E+00
   201.600   0.596513E+00
   201.700   0.596476E+00
   201.800   0.596439E+00
   201.900   0.596403E+00
   202.000   0.596366E+00
   202.100   0.596330E+00
   202.200   0.596293E+00
   202.300   0.596257E+00
   202.400   0.596221E+00
   202.500   0.596184E+00
   202.600   0.596148E+00
   202.700   0.596112E+00
   202.800   0.596076E+00
   202.900   0.596040E+00
   203.000   0.596004E+00
   203.100   0.595968E+00
   203.200   0.595932E+00
   203.300   0.595896E+00
   203.400   0.595861E+00
   203.500   0.595825E+00
   203.600   0.595789E+00
   203.700   0.595754E+00
   203.800   0.595718E+00
   203.900   0.595682E+00
   204.000   0.595647E+00
   204.100   0.595612E+00
   204.200   0.595576E+00
   204.300   0.595541E+00
   204.400   0.595506E+00
   204.500   0.595470E+00
   204.600   0.595435E+00
   204.700   0.595400E+00
   204.800   0.595365E+00
   204.900   0.595330E+00
   205.000   0.595295E+00
   205.100   0.595260E+00
   205.200   0.595225E+00
   205.300   0.595190E+00
   205.400   0.595156E+00
   205.500   0.595121E+00
   205.600   0.595086E+00
   205.700   0.595052E+00
   205.800   0.595017E+00
   205.900   0.594983E+00
   206.000   0.594948E+00
   206.100   0.594914E+00
   206.200   0.594879E+00
   206.300   0.594845E+00
   206.400   0.594811E+00
   206.500   0.594777E+00
   206.600   0.594743E+00
   206.700   0.594708E+00
   206.800   0.594674E+00
   206.900   0.594640E+00
   207.000   0.594606E+00
   207.100   0.594572E+00
   207.200   0.594539E+00
   207.300   0.594505E+00
   207.400   0.594471E+00
   207.500   0.594437E+00
   207.600   0.594404E+00
   207.700   0.594370E+00
   207.800   0.594336E+00
   207.900   0.594303E+00
   208.000   0.594269E+00
   208.100   0.594236E+00
   208.200   0.594203E+00
   208.300   0.594169E+00
   208.400   0.594136E+00
   208.500   0.594103E+00
   208.600   0.594070E+00
   208.700   0.594037E+00
   208.800   0.594003E+00
   208.900   0.593970E+00
   209.000   0.593937E+00
   209.100   0.593905E+00
   209.200   0.593872E+00
   209.300   0.593839E+00
   209.400   0.593806E+00
   209.500   0.593773E+00
   209.600   0.593741E+00
   209.700   0.593708E+00
   209.800   0.593675E+00
   209.900   0.593643E+00
   210.000   0.593610E+00
   210.100   0.593578E+00
   210.200   0.593545E+00
   210.300   0.593513E+00
   210.400   0.593481E+00
   210.500   0.593448E+00
   210.600   0.593416E+00
   210.700   0.593384E+00
   210.800   0.593352E+00
   210.900   0.593320E+00
   211.000   0.593288E+00
   211.100   0.593256E+00
   211.200   0.593224E+00
   211.300   0.593192E+00
   211.400   0.593160E+00
   211.500   0.593128E+00
   211.600   0.593097E+00
   211.700   0.593065E+00
   211.800   0.593033E+00
   211.900   0.593002E+00
   212.000   0.592970E+00
   212.100   0.592939E+00
   212.200   0.592907E+00
   212.300   0.592876E+00
   212.400   0.592844E+00
   212.500   0.592813E+00
   212.600   0.592782E+00
   212.700   0.592751E+00
   212.800   0.592719E+00
   212.900   0.592688E+00
   213.000   0.592657E+00
   213.100   0.592626E+00
   213.200   0.592595E+00
   213.300   0.592564E+00
   213.400   0.592533E+00
   213.500   0.592502E+00
   213.600   0.592471E+00
   213.700   0.592441E+00
   213.800   0.592410E+00
   213.900   0.592379E+00
   214.000   0.592349E+00
   214.100   0.592318E+00
   214.200   0.592287E+00
   214.300   0.592257E+00
   214.400   0.592226E+00
   214.500   0.592196E+00
   214.600   0.592166E+00
   214.700   0.592135E+00
   214.800   0.592105E+00
   214.900   0.592075E+00
   215.000   0.592045E+00
   215.100   0.592015E+00
   215.200   0.591984E+00
   215.300   0.591954E+00
   215.400   0.591924E+00
   215.500   0.591894E+00
   215.600   0.591864E+00
   215.700   0.591835E+00
   215.800   0.591805E+00
   215.900   0.591775E+00
   216.000   0.591745E+00
   216.100   0.591715E+00
   216.200   0.591686E+00
   216.300   0.591656E+00
   216.400   0.591627E+00
   216.500   0.591597E+00
   216.600   0.591568E+00
   216.700   0.591538E+00
   216.800   0.591509E+00
   216.900   0.591479E+00
   217.000   0.591450E+00
   217.100   0.591421E+00
   217.200   0.591392E+00
   217.300   0.591362E+00
   217.400   0.591333E+00
   217.500   0.591304E+00
   217.600   0.591275E+00
   217.700   0.591246E+00
   217.800   0.591217E+00
   217.900   0.591188E+00
   218.000   0.591159E+00
   218.100   0.591131E+00
   218.200   0.591102E+00
   218.300   0.591073E+00
   218.400   0.591044E+00
   218.500   0.591016E+00
   218.600   0.590987E+00
   218.700   0.590958E+00
   218.800   0.590930E+00
   218.900   0.590901E+00
   219.000   0.590873E+00
   219.100   0.590845E+00
   219.200   0.590816E+00
   219.300   0.590788E+00
   219.400   0.590760E+00
   219.500   0.590731E+00
   219.600   0.590703E+00
   219.700   0.590675E+00
   219.800   0.590647E+00
   219.900   0.590619E+00
   220.000   0.590591E+00
   220.100   0.590563E+00
   220.200   0.590535E+00
   220.300   0.590507E+00
   220.400   0.590479E+00
   220.500   0.590451E+00
   220.600   0.590424E+00
   220.700   0.590396E+00
   220.800   0.590368E+00
   220.900   0.590340E+00
   221.000   0.590313E+00
   221.100   0.590285E+00
   221.200   0.590258E+00
   221.300   0.590230E+00
   221.400   0.590203E+00
   221.500   0.590175E+00
   221.600   0.590148E+00
   221.700   0.590121E+00
   221.800   0.590093E+00
   221.900   0.590066E+00
   222.000   0.590039E+00
   222.100   0.590012E+00
   222.200   0.589985E+00
   222.300   0.589958E+00
   222.400   0.589931E+00
   222.500   0.589904E+00
   222.600   0.589877E+00
   222.700   0.589850E+00
   222.800   0.589823E+00
   222.900   0.589796E+00
   223.000   0.589769E+00
   223.100   0.589743E+00
   223.200   0.589716E+00
   223.300   0.589689E+00
   223.400   0.589662E+00
   223.500   0.589636E+00
   223.600   0.589609E+00
   223.700   0.589583E+00
   223.800   0.589556E+00
   223.900   0.589530E+00
   224.000   0.589504E+00
   224.100   0.589477E+00
   224.200   0.589451E+00
   224.300   0.589425E+00
   224.400   0.589398E+00
   224.500   0.589372E+00
   224.600   0.589346E+00
   224.700   0.589320E+00
   224.800   0.589294E+00
   224.900   0.589268E+00
   225.000   0.589242E+00
   225.100   0.589216E+00
   225.200   0.589190E+00
   225.300   0.589164E+00
   225.400   0.589138E+00
   225.500   0.589112E+00
   225.600   0.589087E+00
   225.700   0.589061E+00
   225.800   0.589035E+00
   225.900   0.589010E+00
   226.000   0.588984E+00
   226.100   0.588958E+00
   226.200   0.588933E+00
   226.300   0.588907E+00
   226.400   0.588882E+00
   226.500   0.588856E+00
   226.600   0.588831E+00
   226.700   0.588806E+00
   226.800   0.588780E+00
   226.900   0.588755E+00
   227.000   0.588730E+00
   227.100   0.588705E+00
   227.200   0.588680E+00
   227.300   0.588655E+00
   227.400   0.588629E+00
   227.500   0.588604E+00
   227.600   0.588579E+00
   227.700   0.588554E+00
   227.800   0.588530E+00
   227.900   0.588505E+00
   228.000   0.588480E+00
   228.100   0.588455E+00
   228.200   0.588430E+00
   228.300   0.588405E+00
   228.400   0.588381E+00
   228.500   0.588356E+00
   228.600   0.588332E+00
   228.700   0.588307E+00
   228.800   0.588282E+00
   228.900   0.588258E+00
   229.000   0.588233E+00
   229.100   0.588209E+00
   229.200   0.588185E+00
   229.300   0.588160E+00
   229.400   0.588136E+00
   229.500   0.588112E+00
   229.600   0.588087E+00
   229.700   0.588063E+00
   229.800   0.588039E+00
   229.900   0.588015E+00
   230.000   0.587991E+00
   230.100   0.587967E+00
   230.200   0.587943E+00
   230.300   0.587919E+00
   230.400   0.587895E+00
   230.500   0.587871E+00
   230.600   0.587847E+00
   230.700   0.587823E+00
   230.800   0.587799E+00
   230.900   0.587775E+00
   231.000   0.587752E+00
   231.100   0.587728E+00
   231.200   0.587704E+00
   231.300   0.587681E+00
   231.400   0.587657E+00
   231.500   0.587634E+00
   231.600   0.587610E+00
   231.700   0.587587E+00
   231.800   0.587563E+00
   231.900   0.587540E+00
   232.000   0.587516E+00
   232.100   0.587493E+00
   232.200   0.587470E+00
   232.300   0.587446E+00
   232.400   0.587423E+00
   232.500   0.587400E+00
   232.600   0.587377E+00
   232.700   0.587354E+00
   232.800   0.587331E+00
   232.900   0.587307E+00
   233.000   0.587284E+00
   233.100   0.587261E+00
   233.200   0.587238E+00
   233.300   0.587216E+00
   233.400   0.587193E+00
   233.500   0.587170E+00
   233.600   0.587147E+00
   233.700   0.587124E+00
   233.800   0.587101E+00
   233.900   0.587079E+00
   234.000   0.587056E+00
   234.100   0.587033E+00
   234.200   0.587011E+00
   234.300   0.586988E+00
   234.400   0.586966E+00
   234.500   0.586943E+00
   234.600   0.586921E+00
   234.700   0.586898E+00
   234.800   0.586876E+00
   234.900   0.586854E+00
   235.000   0.586831E+00
   235.100   0.586809E+00
   235.200   0.586787E+00
   235.300   0.586764E+00
   235.400   0.586742E+00
   235.500   0.586720E+00
   235.600   0.586698E+00
   235.700   0.586676E+00
   235.800   0.586654E+00
   235.900   0.586632E+00
   236.000   0.586610E+00
   236.100   0.586588E+00
   236.200   0.586566E+00
   236.300   0.586544E+00
   236.400   0.586522E+00
   236.500   0.586500E+00
   236.600   0.586478E+00
   236.700   0.586457E+00
   236.800   0.586435E+00
   236.900   0.586413E+00
   237.000   0.586392E+00
   237.100   0.586370E+00
   237.200   0.586348E+00
   237.300   0.586327E+00
   237.400   0.586305E+00
   237.500   0.586284E+00
   237.600   0.586262E+00
   237.700   0.586241E+00
   237.800   0.586220E+00
   237.900   0.586198E+00
   238.000   0.586177E+00
   238.100   0.586156E+00
   238.200   0.586134E+00
   238.300   0.586113E+00
   238.400   0.586092E+00
   238.500   0.586071E+00
   238.600   0.586050E+00
   238.700   0.586029E+00
   238.800   0.586007E+00
   238.900   0.585986E+00
   239.000   0.585965E+00
   239.100   0.585944E+00
   239.200   0.585923E+00
   239.300   0.585903E+00
   239.400   0.585882E+00
   239.500   0.585861E+00
   239.600   0.585840E+00
   239.700   0.585819E+00
   239.800   0.585799E+00
   239.900   0.585778E+00
   240.000   0.585757E+00
   240.100   0.585736E+00
   240.200   0.585716E+00
   240.300   0.585695E+00
   240.400   0.585675E+00
   240.500   0.585654E+00
   240.600   0.585634E+00
   240.700   0.585613E+00
   240.800   0.585593E+00
   240.900   0.585572E+00
   241.000   0.585552E+00
   241.100   0.585532E+00
   241.200   0.585511E+00
   241.300   0.585491E+00
   241.400   0.585471E+00
   241.500   0.585451E+00
   241.600   0.585431E+00
   241.700   0.585410E+00
   241.800   0.585390E+00
   241.900   0.585370E+00
   242.000   0.585350E+00
   242.100   0.585330E+00
   242.200   0.585310E+00
   242.300   0.585290E+00
   242.400   0.585270E+00
   242.500   0.585250E+00
   242.600   0.585230E+00
   242.700   0.585211E+00
   242.800   0.585191E+00
   242.900   0.585171E+00
   243.000   0.585151E+00
   243.100   0.585132E+00
   243.200   0.585112E+00
   243.300   0.585092E+00
   243.400   0.585073E+00
   243.500   0.585053E+00
   243.600   0.585033E+00
   243.700   0.585014E+00
   243.800   0.584994E+00
   243.900   0.584975E+00
   244.000   0.584955E+00
   244.100   0.584936E+00
   244.200   0.584917E+00
   244.300   0.584897E+00
   244.400   0.584878E+00
   244.500   0.584859E+00
   244.600   0.584839E+00
   244.700   0.584820E+00
   244.800   0.584801E+00
   244.900   0.584782E+00
   245.000   0.584763E+00
   245.100   0.584744E+00
   245.200   0.584724E+00
   245.300   0.584705E+00
   245.400   0.584686E+00
   245.500   0.584667E+00
   245.600   0.584648E+00
   245.700   0.584629E+00
   245.800   0.584611E+00
   245.900   0.584592E+00
   246.000   0.584573E+00
   246.100   0.584554E+00
   246.200   0.584535E+00
   246.300   0.584516E+00
   246.400   0.584498E+00
   246.500   0.584479E+00
   246.600   0.584460E+00
   246.700   0.584442E+00
   246.800   0.584423E+00
   246.900   0.584404E+00
   247.000   0.584386E+00
   247.100   0.584367E+00
   247.200   0.584349E+00
   247.300   0.584330E+00
   247.400   0.584312E+00
   247.500   0.584294E+00
   247.600   0.584275E+00
   247.700   0.584257E+00
   247.800   0.584238E+00
   247.900   0.584220E+00
   248.000   0.584202E+00
   248.100   0.584184E+00
   248.200   0.584165E+00
   248.300   0.584147E+00
   248.400   0.584129E+00
   248.500   0.584111E+00
   248.600   0.584093E+00
   248.700   0.584075E+00
   248.800   0.584057E+00
   248.900   0.584039E+00
   249.000   0.584021E+00
   249.100   0.584003E+00
   249.200   0.583985E+00
   249.300   0.583967E+00
   249.400   0.583949E+00
   249.500   0.583931E+00
   249.600   0.583913E+00
   249.700   0.583896E+00
   249.800   0.583878E+00
   249.900   0.583860E+00
   250.000   0.583842E+00
   250.100   0.583825E+00
   250.200   0.583807E+00
   250.300   0.583789E+00
   250.400   0.583772E+00
   250.500   0.583754E+00
   250.600   0.583737E+00
   250.700   0.583719E+00
   250.800   0.583702E+00
   250.900   0.583684E+00
   251.000   0.583667E+00
   251.100   0.583649E+00
   251.200   0.583632E+00
   251.300   0.583615E+00
   251.400   0.583597E+00
   251.500   0.583580E+00
   251.600   0.583563E+00
   251.700   0.583545E+00
   251.800   0.583528E+00
   251.900   0.583511E+00
   252.000   0.583494E+00
   252.100   0.583477E+00
   252.200   0.583460E+00
   252.300   0.583442E+00
   252.400   0.583425E+00
   252.500   0.583408E+00
   252.600   0.583391E+00
   252.700   0.583374E+00
   252.800   0.583357E+00
   252.900   0.583340E+00
   253.000   0.583324E+00
   253.100   0.583307E+00
   253.200   0.583290E+00
   253.300   0.583273E+00
   253.400   0.583256E+00
   253.500   0.583239E+00
   253.600   0.583223E+00
   253.700   0.583206E+00
   253.800   0.583189E+00
   253.900   0.583173E+00
   254.000   0.583156E+00
   254.100   0.583139E+00
   254.200   0.583123E+00
   254.300   0.583106E+00
   254.400   0.583090E+00
   254.500   0.583073E+00
   254.600   0.583057E+00
   254.700   0.583040E+00
   254.800   0.583024E+00
   254.900   0.583007E+00
   255.000   0.582991E+00
   255.100   0.582975E+00
   255.200   0.582958E+00
   255.300   0.582942E+00
   255.400   0.582926E+00
   255.500   0.582909E+00
   255.600   0.582893E+00
   255.700   0.582877E+00
   255.800   0.582861E+00
   255.900   0.582845E+00
   256.000   0.582828E+00
   256.100   0.582812E+00
   256.200   0.582796E+00
   256.300   0.582780E+00
   256.400   0.582764E+00
   256.500   0.582748E+00
   256.600   0.582732E+00
   256.700   0.582716E+00
   256.800   0.582700E+00
   256.900   0.582684E+00
   257.000   0.582669E+00
   257.100   0.582653E+00
   257.200   0.582637E+00
   257.300   0.582621E+00
   257.400   0.582605E+00
   257.500   0.582590E+00
   257.600   0.582574E+00
   257.700   0.582558E+00
   257.800   0.582542E+00
   257.900   0.582527E+00
   258.000   0.582511E+00
   258.100   0.582496E+00
   258.200   0.582480E+00
   258.300   0.582464E+00
   258.400   0.582449E+00
   258.500   0.582433E+00
   258.600   0.582418E+00
   258.700   0.582402E+00
   258.800   0.582387E+00
   258.900   0.582372E+00
   259.000   0.582356E+00
   259.100   0.582341E+00
   259.200   0.582325E+00
   259.300   0.582310E+00
   259.400   0.582295E+00
   259.500   0.582280E+00
   259.600   0.582264E+00
   259.700   0.582249E+00
   259.800   0.582234E+00
   259.900   0.582219E+00
   260.000   0.582204E+00
   260.100   0.582188E+00
   260.200   0.582173E+00
   260.300   0.582158E+00
   260.400   0.582143E+00
   260.500   0.582128E+00
   260.600   0.582113E+00
   260.700   0.582098E+00
   260.800   0.582083E+00
   260.900   0.582068E+00
   261.000   0.582053E+00
   261.100   0.582039E+00
   261.200   0.582024E+00
   261.300   0.582009E+00
   261.400   0.581994E+00
   261.500   0.581979E+00
   261.600   0.581964E+00
   261.700   0.581950E+00
   261.800   0.581935E+00
   261.900   0.581920E+00
   262.000   0.581906E+00
   262.100   0.581891E+00
   262.200   0.581876E+00
   262.300   0.581862E+00
   262.400   0.581847E+00
   262.500   0.581833E+00
   262.600   0.581818E+00
   262.700   0.581803E+00
   262.800   0.581789E+00
   262.900   0.581774E+00
   263.000   0.581760E+00
   263.100   0.581746E+00
   263.200   0.581731E+00
   263.300   0.581717E+00
   263.400   0.581702E+00
   263.500   0.581688E+00
   263.600   0.581674E+00
   263.700   0.581660E+00
   263.800   0.581645E+00
   263.900   0.581631E+00
   264.000   0.581617E+00
   264.100   0.581603E+00
   264.200   0.581588E+00
   264.300   0.581574E+00
   264.400   0.581560E+00
   264.500   0.581546E+00
   264.600   0.581532E+00
   264.700   0.581518E+00
   264.800   0.581504E+00
   264.900   0.581490E+00
   265.000   0.581476E+00
   265.100   0.581462E+00
   265.200   0.581448E+00
   265.300   0.581434E+00
   265.400   0.581420E+00
   265.500   0.581406E+00
   265.600   0.581392E+00
   265.700   0.581378E+00
   265.800   0.581365E+00
   265.900   0.581351E+00
   266.000   0.581337E+00
   266.100   0.581323E+00
   266.200   0.581309E+00
   266.300   0.581296E+00
   266.400   0.581282E+00
   266.500   0.581268E+00
   266.600   0.581255E+00
   266.700   0.581241E+00
   266.800   0.581227E+00
   266.900   0.581214E+00
   267.000   0.581200E+00
   267.100   0.581187E+00
   267.200   0.581173E+00
   267.300   0.581160E+00
   267.400   0.581146E+00
   267.500   0.581133E+00
   267.600   0.581119E+00
   267.700   0.581106E+00
   267.800   0.581093E+00
   267.900   0.581079E+00
   268.000   0.581066E+00
   268.100   0.581052E+00
   268.200   0.581039E+00
   268.300   0.581026E+00
   268.400   0.581013E+00
   268.500   0.580999E+00
   268.600   0.580986E+00
   268.700   0.580973E+00
   268.800   0.580960E+00
   268.900   0.580947E+00
   269.000   0.580933E+00
   269.100   0.580920E+00
   269.200   0.580907E+00
   269.300   0.580894E+00
   269.400   0.580881E+00
   269.500   0.580868E+00
   269.600   0.580855E+00
   269.700   0.580842E+00
   269.800   0.580829E+00
   269.900   0.580816E+00
   270.000   0.580803E+00
   270.100   0.580790E+00
   270.200   0.580777E+00
   270.300   0.580764E+00
   270.400   0.580752E+00
   270.500   0.580739E+00
   270.600   0.580726E+00
   270.700   0.580713E+00
   270.800   0.580700E+00
   270.900   0.580688E+00
   271.000   0.580675E+00
   271.100   0.580662E+00
   271.200   0.580649E+00
   271.300   0.580637E+00
   271.400   0.580624E+00
   271.500   0.580611E+00
   271.600   0.580599E+00
   271.700   0.580586E+00
   271.800   0.580574E+00
   271.900   0.580561E+00
   272.000   0.580549E+00
   272.100   0.580536E+00
   272.200   0.580524E+00
   272.300   0.580511E+00
   272.400   0.580499E+00
   272.500   0.580486E+00
   272.600   0.580474E+00
   272.700   0.580461E+00
   272.800   0.580449E+00
   272.900   0.580437E+00
   273.000   0.580424E+00
   273.100   0.580412E+00
   273.200   0.580400E+00
   273.300   0.580387E+00
   273.400   0.580375E+00
   273.500   0.580363E+00
   273.600   0.580351E+00
   273.700   0.580339E+00
   273.800   0.580326E+00
   273.900   0.580314E+00
   274.000   0.580302E+00
   274.100   0.580290E+00
   274.200   0.580278E+00
   274.300   0.580266E+00
   274.400   0.580254E+00
   274.500   0.580242E+00
   274.600   0.580230E+00
   274.700   0.580218E+00
   274.800   0.580206E+00
   274.900   0.580194E+00
   275.000   0.580182E+00
   275.100   0.580170E+00
   275.200   0.580158E+00
   275.300   0.580146E+00
   275.400   0.580134E+00
   275.500   0.580122E+00
   275.600   0.580110E+00
   275.700   0.580099E+00
   275.800   0.580087E+00
   275.900   0.580075E+00
   276.000   0.580063E+00
   276.100   0.580051E+00
   276.200   0.580040E+00
   276.300   0.580028E+00
   276.400   0.580016E+00
   276.500   0.580005E+00
   276.600   0.579993E+00
   276.700   0.579981E+00
   276.800   0.579970E+00
   276.900   0.579958E+00
   277.000   0.579947E+00
   277.100   0.579935E+00
   277.200   0.579923E+00
   277.300   0.579912E+00
   277.400   0.579900E+00
   277.500   0.579889E+00
   277.600   0.579878E+00
   277.700   0.579866E+00
   277.800   0.579855E+00
   277.900   0.579843E+00
   278.000   0.579832E+00
   278.100   0.579820E+00
   278.200   0.579809E+00
   278.300   0.579798E+00
   278.400   0.579786E+00
   278.500   0.579775E+00
   278.600   0.579764E+00
   278.700   0.579753E+00
   278.800   0.579741E+00
   278.900   0.579730E+00
   279.000   0.579719E+00
   279.100   0.579708E+00
   279.200   0.579696E+00
   279.300   0.579685E+00
   279.400   0.579674E+00
   279.500   0.579663E+00
   279.600   0.579652E+00
   279.700   0.579641E+00
   279.800   0.579630E+00
   279.900   0.579619E+00
   280.000   0.579608E+00
   280.100   0.579597E+00
   280.200   0.579586E+00
   280.300   0.579575E+00
   280.400   0.579564E+00
   280.500   0.579553E+00
   280.600   0.579542E+00
   280.700   0.579531E+00
   280.800   0.579520E+00
   280.900   0.579509E+00
   281.000   0.579498E+00
   281.100   0.579487E+00
   281.200   0.579477E+00
   281.300   0.579466E+00
   281.400   0.579455E+00
   281.500   0.579444E+00
   281.600   0.579433E+00
   281.700   0.579423E+00
   281.800   0.579412E+00
   281.900   0.579401E+00
   282.000   0.579391E+00
   282.100   0.579380E+00
   282.200   0.579369E+00
   282.300   0.579359E+00
   282.400   0.579348E+00
   282.500   0.579337E+00
   282.600   0.579327E+00
   282.700   0.579316E+00
   282.800   0.579306E+00
   282.900   0.579295E+00
   283.000   0.579285E+00
   283.100   0.579274E+00
   283.200   0.579264E+00
   283.300   0.579253E+00
   283.400   0.579243E+00
   283.500   0.579232E+00
   283.600   0.579222E+00
   283.700   0.579211E+00
   283.800   0.579201E+00
   283.900   0.579191E+00
   284.000   0.579180E+00
   284.100   0.579170E+00
   284.200   0.579160E+00
   284.300   0.579149E+00
   284.400   0.579139E+00
   284.500   0.579129E+00
   284.600   0.579119E+00
   284.700   0.579108E+00
   284.800   0.579098E+00
   284.900   0.579088E+00
   285.000   0.579078E+00
   285.100   0.579067E+00
   285.200   0.579057E+00
   285.300   0.579047E+00
   285.400   0.579037E+00
   285.500   0.579027E+00
   285.600   0.579017E+00
   285.700   0.579007E+00
   285.800   0.578997E+00
   285.900   0.578987E+00
   286.000   0.578977E+00
   286.100   0.578967E+00
   286.200   0.578957E+00
   286.300   0.578947E+00
   286.400   0.578937E+00
   286.500   0.578927E+00
   286.600   0.578917E+00
   286.700   0.578907E+00
   286.800   0.578897E+00
   286.900   0.578887E+00
   287.000   0.578877E+00
   287.100   0.578867E+00
   287.200   0.578858E+00
   287.300   0.578848E+00
   287.400   0.578838E+00
   287.500   0.578828E+00
   287.600   0.578818E+00
   287.700   0.578809E+00
   287.800   0.578799E+00
   287.900   0.578789E+00
   288.000   0.578779E+00
   288.100   0.578770E+00
   288.200   0.578760E+00
   288.300   0.578750E+00
   288.400   0.578741E+00
   288.500   0.578731E+00
   288.600   0.578721E+00
   288.700   0.578712E+00
   288.800   0.578702E+00
   288.900   0.578693E+00
   289.000   0.578683E+00
   289.100   0.578674E+00
   289.200   0.578664E+00
   289.300   0.578655E+00
   289.400   0.578645E+00
   289.500   0.578636E+00
   289.600   0.578626E+00
   289.700   0.578617E+00
   289.800   0.578607E+00
   289.900   0.578598E+00
   290.000   0.578588E+00
   290.100   0.578579E+00
   290.200   0.578570E+00
   290.300   0.578560E+00
   290.400   0.578551E+00
   290.500   0.578542E+00
   290.600   0.578532E+00
   290.700   0.578523E+00
   290.800   0.578514E+00
   290.900   0.578504E+00
   291.000   0.578495E+00
   291.100   0.578486E+00
   291.200   0.578477E+00
   291.300   0.578467E+00
   291.400   0.578458E+00
   291.500   0.578449E+00
   291.600   0.578440E+00
   291.700   0.578431E+00
   291.800   0.578422E+00
   291.900   0.578412E+00
   292.000   0.578403E+00
   292.100   0.578394E+00
   292.200   0.578385E+00
   292.300   0.578376E+00
   292.400   0.578367E+00
   292.500   0.578358E+00
   292.600   0.578349E+00
   292.700   0.578340E+00
   292.800   0.578331E+00
   292.900   0.578322E+00
   293.000   0.578313E+00
   293.100   0.578304E+00
   293.200   0.578295E+00
   293.300   0.578286E+00
   293.400   0.578277E+00
   293.500   0.578268E+00
   293.600   0.578260E+00
   293.700   0.578251E+00
   293.800   0.578242E+00
   293.900   0.578233E+00
   294.000   0.578224E+00
   294.100   0.578215E+00
   294.200   0.578207E+00
   294.300   0.578198E+00
   294.400   0.578189E+00
   294.500   0.578180E+00
   294.600   0.578172E+00
   294.700   0.578163E+00
   294.800   0.578154E+00
   294.900   0.578145E+00
   295.000   0.578137E+00
   295.100   0.578128E+00
   295.200   0.578119E+00
   295.300   0.578111E+00
   295.400   0.578102E+00
   295.500   0.578093E+00
   295.600   0.578085E+00
   295.700   0.578076E+00
   295.800   0.578068E+00
   295.900   0.578059E+00
   296.000   0.578051E+00
   296.100   0.578042E+00
   296.200   0.578034E+00
   296.300   0.578025E+00
   296.400   0.578017E+00
   296.500   0.578008E+00
   296.600   0.578000E+00
   296.700   0.577991E+00
   296.800   0.577983E+00
   296.900   0.577974E+00
   297.000   0.577966E+00
   297.100   0.577958E+00
   297.200   0.577949E+00
   297.300   0.577941E+00
   297.400   0.577932E+00
   297.500   0.577924E+00
   297.600   0.577916E+00
   297.700   0.577907E+00
   297.800   0.577899E+00
   297.900   0.577891E+00
   298.000   0.577883E+00
   298.100   0.577874E+00
   298.200   0.577866E+00
   298.300   0.577858E+00
   298.400   0.577850E+00
   298.500   0.577841E+00
   298.600   0.577833E+00
   298.700   0.577825E+00
   298.800   0.577817E+00
   298.900   0.577809E+00
   299.000   0.577801E+00
   299.100   0.577792E+00
   299.200   0.577784E+00
   299.300   0.577776E+00
   299.400   0.577768E+00
   299.500   0.577760E+00
   299.600   0.577752E+00
   299.700   0.577744E+00
   299.800   0.577736E+00
   299.900   0.577728E+00
   300.000   0.577720E+00
