     0.000  0.100000E+001  0.000000E+000  0.000000E+000  0.000000E+000  0.000000E+000  0.000000E+000  0.000000E+000  0.000000E+000  0.000000E+000  0.000000E+000  0.000000E+000  0.000000E+000  0.000000E+000  0.000000E+000  0.000000E+000  0.000000E+000  0.000000E+000  0.000000E+000  0.000000E+000  0.000000E+000  0.000000E+000  0.000000E+000  0.000000E+000  0.000000E+000  0.000000E+000  0.000000E+000  0.000000E+000  0.000000E+000  0.000000E+000  0.000000E+000  0.000000E+000  0.000000E+000
     0.500  0.952584E+000 -0.312554E-018  0.000000E+000  0.000000E+000  0.000000E+000  0.000000E+000  0.000000E+000  0.000000E+000  0.000000E+000  0.000000E+000  0.474158E-001  0.312554E-018  0.000000E+000  0.000000E+000  0.000000E+000  0.000000E+000  0.000000E+000  0.000000E+000  0.000000E+000  0.000000E+000  0.000000E+000  0.000000E+000  0.000000E+000  0.000000E+000  0.000000E+000  0.000000E+000  0.000000E+000  0.000000E+000  0.000000E+000  0.000000E+000  0.000000E+000  0.000000E+000
     1.000  0.847934E+000 -0.108909E-017  0.000000E+000  0.000000E+000  0.000000E+000  0.000000E+000  0.000000E+000  0.000000E+000  0.000000E+000  0.000000E+000  0.152066E+000  0.108909E-017  0.000000E+000  0.000000E+000  0.000000E+000  0.000000E+000  0.000000E+000  0.000000E+000  0.000000E+000  0.000000E+000  0.000000E+000  0.000000E+000  0.000000E+000  0.000000E+000  0.000000E+000  0.000000E+000  0.000000E+000  0.000000E+000  0.000000E+000  0.000000E+000  0.000000E+000  0.000000E+000
     1.500  0.754005E+000 -0.108909E-017  0.000000E+000  0.000000E+000  0.000000E+000  0.000000E+000  0.000000E+000  0.000000E+000  0.000000E+000  0.000000E+000  0.245995E+000  0.108909E-017  0.000000E+000  0.000000E+000  0.000000E+000  0.000000E+000  0.000000E+000  0.000000E+000  0.000000E+000  0.000000E+000  0.000000E+000  0.000000E+000  0.000000E+000  0.000000E+000  0.000000E+000  0.000000E+000  0.000000E+000  0.000000E+000  0.000000E+000  0.000000E+000  0.000000E+000  0.000000E+000
     2.000  0.712883E+000 -0.108908E-017  0.000000E+000  0.000000E+000  0.000000E+000  0.000000E+000  0.000000E+000  0.000000E+000  0.000000E+000  0.000000E+000  0.287117E+000  0.108908E-017  0.000000E+000  0.000000E+000  0.000000E+000  0.000000E+000  0.000000E+000  0.000000E+000  0.000000E+000  0.000000E+000  0.000000E+000  0.000000E+000  0.000000E+000  0.000000E+000  0.000000E+000  0.000000E+000  0.000000E+000  0.000000E+000  0.000000E+000  0.000000E+000  0.000000E+000  0.000000E+000
     2.500  0.721434E+000 -0.108215E-017  0.000000E+000  0.000000E+000  0.000000E+000  0.000000E+000  0.000000E+000  0.000000E+000  0.000000E+000  0.000000E+000  0.278566E+000  0.108215E-017  0.000000E+000  0.000000E+000  0.000000E+000  0.000000E+000  0.000000E+000  0.000000E+000  0.000000E+000  0.000000E+000  0.000000E+000  0.000000E+000  0.000000E+000  0.000000E+000  0.000000E+000  0.000000E+000  0.000000E+000  0.000000E+000  0.000000E+000  0.000000E+000  0.000000E+000  0.000000E+000
     3.000  0.750816E+000 -0.107285E-017  0.000000E+000  0.000000E+000  0.000000E+000  0.000000E+000  0.000000E+000  0.000000E+000  0.000000E+000  0.000000E+000  0.249184E+000  0.107285E-017  0.000000E+000  0.000000E+000  0.000000E+000  0.000000E+000  0.000000E+000  0.000000E+000  0.000000E+000  0.000000E+000  0.000000E+000  0.000000E+000  0.000000E+000  0.000000E+000  0.000000E+000  0.000000E+000  0.000000E+000  0.000000E+000  0.000000E+000  0.000000E+000  0.000000E+000  0.000000E+000
     3.500  0.773617E+000 -0.106754E-017  0.000000E+000  0.000000E+000  0.000000E+000  0.000000E+000  0.000000E+000  0.000000E+000  0.000000E+000  0.000000E+000  0.226383E+000  0.106754E-017  0.000000E+000  0.000000E+000  0.000000E+000  0.000000E+000  0.000000E+000  0.000000E+000  0.000000E+000  0.000000E+000  0.000000E+000  0.000000E+000  0.000000E+000  0.000000E+000  0.000000E+000  0.000000E+000  0.000000E+000  0.000000E+000  0.000000E+000  0.000000E+000  0.000000E+000  0.000000E+000
     4.000  0.777103E+000  0.445630E-017  0.000000E+000  0.000000E+000  0.000000E+000  0.000000E+000  0.000000E+000  0.000000E+000  0.000000E+000  0.000000E+000  0.222897E+000 -0.445630E-017  0.000000E+000  0.000000E+000  0.000000E+000  0.000000E+000  0.000000E+000  0.000000E+000  0.000000E+000  0.000000E+000  0.000000E+000  0.000000E+000  0.000000E+000  0.000000E+000  0.000000E+000  0.000000E+000  0.000000E+000  0.000000E+000  0.000000E+000  0.000000E+000  0.000000E+000  0.000000E+000
     4.500  0.762351E+000  0.808269E-017  0.000000E+000  0.000000E+000  0.000000E+000  0.000000E+000  0.000000E+000  0.000000E+000  0.000000E+000  0.000000E+000  0.237649E+000 -0.808269E-017  0.000000E+000  0.000000E+000  0.000000E+000  0.000000E+000  0.000000E+000  0.000000E+000  0.000000E+000  0.000000E+000  0.000000E+000  0.000000E+000  0.000000E+000  0.000000E+000  0.000000E+000  0.000000E+000  0.000000E+000  0.000000E+000  0.000000E+000  0.000000E+000  0.000000E+000  0.000000E+000
     5.000  0.737628E+000 -0.131803E-017  0.000000E+000  0.000000E+000  0.000000E+000  0.000000E+000  0.000000E+000  0.000000E+000  0.000000E+000  0.000000E+000  0.262372E+000  0.131803E-017  0.000000E+000  0.000000E+000  0.000000E+000  0.000000E+000  0.000000E+000  0.000000E+000  0.000000E+000  0.000000E+000  0.000000E+000  0.000000E+000  0.000000E+000  0.000000E+000  0.000000E+000  0.000000E+000  0.000000E+000  0.000000E+000  0.000000E+000  0.000000E+000  0.000000E+000  0.000000E+000
     5.500  0.712109E+000 -0.108225E-016  0.000000E+000  0.000000E+000  0.000000E+000  0.000000E+000  0.000000E+000  0.000000E+000  0.000000E+000  0.000000E+000  0.287891E+000  0.108225E-016  0.000000E+000  0.000000E+000  0.000000E+000  0.000000E+000  0.000000E+000  0.000000E+000  0.000000E+000  0.000000E+000  0.000000E+000  0.000000E+000  0.000000E+000  0.000000E+000  0.000000E+000  0.000000E+000  0.000000E+000  0.000000E+000  0.000000E+000  0.000000E+000  0.000000E+000  0.000000E+000
     6.000  0.692090E+000 -0.151988E-016  0.000000E+000  0.000000E+000  0.000000E+000  0.000000E+000  0.000000E+000  0.000000E+000  0.000000E+000  0.000000E+000  0.307910E+000  0.151988E-016  0.000000E+000  0.000000E+000  0.000000E+000  0.000000E+000  0.000000E+000  0.000000E+000  0.000000E+000  0.000000E+000  0.000000E+000  0.000000E+000  0.000000E+000  0.000000E+000  0.000000E+000  0.000000E+000  0.000000E+000  0.000000E+000  0.000000E+000  0.000000E+000  0.000000E+000  0.000000E+000
     6.500  0.679704E+000 -0.136640E-018  0.000000E+000  0.000000E+000  0.000000E+000  0.000000E+000  0.000000E+000  0.000000E+000  0.000000E+000  0.000000E+000  0.320296E+000  0.136640E-018  0.000000E+000  0.000000E+000  0.000000E+000  0.000000E+000  0.000000E+000  0.000000E+000  0.000000E+000  0.000000E+000  0.000000E+000  0.000000E+000  0.000000E+000  0.000000E+000  0.000000E+000  0.000000E+000  0.000000E+000  0.000000E+000  0.000000E+000  0.000000E+000  0.000000E+000  0.000000E+000
     7.000  0.673537E+000  0.700337E-017  0.000000E+000  0.000000E+000  0.000000E+000  0.000000E+000  0.000000E+000  0.000000E+000  0.000000E+000  0.000000E+000  0.326463E+000 -0.700337E-017  0.000000E+000  0.000000E+000  0.000000E+000  0.000000E+000  0.000000E+000  0.000000E+000  0.000000E+000  0.000000E+000  0.000000E+000  0.000000E+000  0.000000E+000  0.000000E+000  0.000000E+000  0.000000E+000  0.000000E+000  0.000000E+000  0.000000E+000  0.000000E+000  0.000000E+000  0.000000E+000
     7.500  0.670292E+000  0.230157E-017  0.000000E+000  0.000000E+000  0.000000E+000  0.000000E+000  0.000000E+000  0.000000E+000  0.000000E+000  0.000000E+000  0.329708E+000 -0.230157E-017  0.000000E+000  0.000000E+000  0.000000E+000  0.000000E+000  0.000000E+000  0.000000E+000  0.000000E+000  0.000000E+000  0.000000E+000  0.000000E+000  0.000000E+000  0.000000E+000  0.000000E+000  0.000000E+000  0.000000E+000  0.000000E+000  0.000000E+000  0.000000E+000  0.000000E+000  0.000000E+000
     8.000  0.666637E+000 -0.148756E-017  0.000000E+000  0.000000E+000  0.000000E+000  0.000000E+000  0.000000E+000  0.000000E+000  0.000000E+000  0.000000E+000  0.333363E+000  0.148756E-017  0.000000E+000  0.000000E+000  0.000000E+000  0.000000E+000  0.000000E+000  0.000000E+000  0.000000E+000  0.000000E+000  0.000000E+000  0.000000E+000  0.000000E+000  0.000000E+000  0.000000E+000  0.000000E+000  0.000000E+000  0.000000E+000  0.000000E+000  0.000000E+000  0.000000E+000  0.000000E+000
     8.500  0.660523E+000 -0.147979E-017  0.000000E+000  0.000000E+000  0.000000E+000  0.000000E+000  0.000000E+000  0.000000E+000  0.000000E+000  0.000000E+000  0.339477E+000  0.147979E-017  0.000000E+000  0.000000E+000  0.000000E+000  0.000000E+000  0.000000E+000  0.000000E+000  0.000000E+000  0.000000E+000  0.000000E+000  0.000000E+000  0.000000E+000  0.000000E+000  0.000000E+000  0.000000E+000  0.000000E+000  0.000000E+000  0.000000E+000  0.000000E+000  0.000000E+000  0.000000E+000
     9.000  0.651606E+000  0.576557E-018  0.000000E+000  0.000000E+000  0.000000E+000  0.000000E+000  0.000000E+000  0.000000E+000  0.000000E+000  0.000000E+000  0.348394E+000 -0.576557E-018  0.000000E+000  0.000000E+000  0.000000E+000  0.000000E+000  0.000000E+000  0.000000E+000  0.000000E+000  0.000000E+000  0.000000E+000  0.000000E+000  0.000000E+000  0.000000E+000  0.000000E+000  0.000000E+000  0.000000E+000  0.000000E+000  0.000000E+000  0.000000E+000  0.000000E+000  0.000000E+000
     9.500  0.640886E+000  0.331502E-017  0.000000E+000  0.000000E+000  0.000000E+000  0.000000E+000  0.000000E+000  0.000000E+000  0.000000E+000  0.000000E+000  0.359114E+000 -0.331502E-017  0.000000E+000  0.000000E+000  0.000000E+000  0.000000E+000  0.000000E+000  0.000000E+000  0.000000E+000  0.000000E+000  0.000000E+000  0.000000E+000  0.000000E+000  0.000000E+000  0.000000E+000  0.000000E+000  0.000000E+000  0.000000E+000  0.000000E+000  0.000000E+000  0.000000E+000  0.000000E+000
    10.000  0.629888E+000  0.272932E-017  0.000000E+000  0.000000E+000  0.000000E+000  0.000000E+000  0.000000E+000  0.000000E+000  0.000000E+000  0.000000E+000  0.370112E+000 -0.272932E-017  0.000000E+000  0.000000E+000  0.000000E+000  0.000000E+000  0.000000E+000  0.000000E+000  0.000000E+000  0.000000E+000  0.000000E+000  0.000000E+000  0.000000E+000  0.000000E+000  0.000000E+000  0.000000E+000  0.000000E+000  0.000000E+000  0.000000E+000  0.000000E+000  0.000000E+000  0.000000E+000
    10.500  0.619880E+000 -0.216060E-017  0.000000E+000  0.000000E+000  0.000000E+000  0.000000E+000  0.000000E+000  0.000000E+000  0.000000E+000  0.000000E+000  0.380120E+000  0.216060E-017  0.000000E+000  0.000000E+000  0.000000E+000  0.000000E+000  0.000000E+000  0.000000E+000  0.000000E+000  0.000000E+000  0.000000E+000  0.000000E+000  0.000000E+000  0.000000E+000  0.000000E+000  0.000000E+000  0.000000E+000  0.000000E+000  0.000000E+000  0.000000E+000  0.000000E+000  0.000000E+000
    11.000  0.611419E+000 -0.190048E-017  0.000000E+000  0.000000E+000  0.000000E+000  0.000000E+000  0.000000E+000  0.000000E+000  0.000000E+000  0.000000E+000  0.388581E+000  0.190048E-017  0.000000E+000  0.000000E+000  0.000000E+000  0.000000E+000  0.000000E+000  0.000000E+000  0.000000E+000  0.000000E+000  0.000000E+000  0.000000E+000  0.000000E+000  0.000000E+000  0.000000E+000  0.000000E+000  0.000000E+000  0.000000E+000  0.000000E+000  0.000000E+000  0.000000E+000  0.000000E+000
    11.500  0.604332E+000  0.158150E-017  0.000000E+000  0.000000E+000  0.000000E+000  0.000000E+000  0.000000E+000  0.000000E+000  0.000000E+000  0.000000E+000  0.395668E+000 -0.158150E-017  0.000000E+000  0.000000E+000  0.000000E+000  0.000000E+000  0.000000E+000  0.000000E+000  0.000000E+000  0.000000E+000  0.000000E+000  0.000000E+000  0.000000E+000  0.000000E+000  0.000000E+000  0.000000E+000  0.000000E+000  0.000000E+000  0.000000E+000  0.000000E+000  0.000000E+000  0.000000E+000
    12.000  0.598008E+000  0.552886E-017  0.000000E+000  0.000000E+000  0.000000E+000  0.000000E+000  0.000000E+000  0.000000E+000  0.000000E+000  0.000000E+000  0.401992E+000 -0.552886E-017  0.000000E+000  0.000000E+000  0.000000E+000  0.000000E+000  0.000000E+000  0.000000E+000  0.000000E+000  0.000000E+000  0.000000E+000  0.000000E+000  0.000000E+000  0.000000E+000  0.000000E+000  0.000000E+000  0.000000E+000  0.000000E+000  0.000000E+000  0.000000E+000  0.000000E+000  0.000000E+000
    12.500  0.591782E+000  0.618877E-017  0.000000E+000  0.000000E+000  0.000000E+000  0.000000E+000  0.000000E+000  0.000000E+000  0.000000E+000  0.000000E+000  0.408218E+000 -0.618877E-017  0.000000E+000  0.000000E+000  0.000000E+000  0.000000E+000  0.000000E+000  0.000000E+000  0.000000E+000  0.000000E+000  0.000000E+000  0.000000E+000  0.000000E+000  0.000000E+000  0.000000E+000  0.000000E+000  0.000000E+000  0.000000E+000  0.000000E+000  0.000000E+000  0.000000E+000  0.000000E+000
    13.000  0.585229E+000  0.353180E-017  0.000000E+000  0.000000E+000  0.000000E+000  0.000000E+000  0.000000E+000  0.000000E+000  0.000000E+000  0.000000E+000  0.414771E+000 -0.353180E-017  0.000000E+000  0.000000E+000  0.000000E+000  0.000000E+000  0.000000E+000  0.000000E+000  0.000000E+000  0.000000E+000  0.000000E+000  0.000000E+000  0.000000E+000  0.000000E+000  0.000000E+000  0.000000E+000  0.000000E+000  0.000000E+000  0.000000E+000  0.000000E+000  0.000000E+000  0.000000E+000
    13.500  0.578263E+000  0.284069E-018  0.000000E+000  0.000000E+000  0.000000E+000  0.000000E+000  0.000000E+000  0.000000E+000  0.000000E+000  0.000000E+000  0.421737E+000 -0.284069E-018  0.000000E+000  0.000000E+000  0.000000E+000  0.000000E+000  0.000000E+000  0.000000E+000  0.000000E+000  0.000000E+000  0.000000E+000  0.000000E+000  0.000000E+000  0.000000E+000  0.000000E+000  0.000000E+000  0.000000E+000  0.000000E+000  0.000000E+000  0.000000E+000  0.000000E+000  0.000000E+000
    14.000  0.571068E+000 -0.317857E-017  0.000000E+000  0.000000E+000  0.000000E+000  0.000000E+000  0.000000E+000  0.000000E+000  0.000000E+000  0.000000E+000  0.428932E+000  0.317857E-017  0.000000E+000  0.000000E+000  0.000000E+000  0.000000E+000  0.000000E+000  0.000000E+000  0.000000E+000  0.000000E+000  0.000000E+000  0.000000E+000  0.000000E+000  0.000000E+000  0.000000E+000  0.000000E+000  0.000000E+000  0.000000E+000  0.000000E+000  0.000000E+000  0.000000E+000  0.000000E+000
    14.500  0.563934E+000 -0.462196E-017  0.000000E+000  0.000000E+000  0.000000E+000  0.000000E+000  0.000000E+000  0.000000E+000  0.000000E+000  0.000000E+000  0.436066E+000  0.462196E-017  0.000000E+000  0.000000E+000  0.000000E+000  0.000000E+000  0.000000E+000  0.000000E+000  0.000000E+000  0.000000E+000  0.000000E+000  0.000000E+000  0.000000E+000  0.000000E+000  0.000000E+000  0.000000E+000  0.000000E+000  0.000000E+000  0.000000E+000  0.000000E+000  0.000000E+000  0.000000E+000
    15.000  0.557103E+000 -0.331658E-017  0.000000E+000  0.000000E+000  0.000000E+000  0.000000E+000  0.000000E+000  0.000000E+000  0.000000E+000  0.000000E+000  0.442897E+000  0.331658E-017  0.000000E+000  0.000000E+000  0.000000E+000  0.000000E+000  0.000000E+000  0.000000E+000  0.000000E+000  0.000000E+000  0.000000E+000  0.000000E+000  0.000000E+000  0.000000E+000  0.000000E+000  0.000000E+000  0.000000E+000  0.000000E+000  0.000000E+000  0.000000E+000  0.000000E+000  0.000000E+000
    15.500  0.550680E+000 -0.110887E-017  0.000000E+000  0.000000E+000  0.000000E+000  0.000000E+000  0.000000E+000  0.000000E+000  0.000000E+000  0.000000E+000  0.449320E+000  0.110887E-017  0.000000E+000  0.000000E+000  0.000000E+000  0.000000E+000  0.000000E+000  0.000000E+000  0.000000E+000  0.000000E+000  0.000000E+000  0.000000E+000  0.000000E+000  0.000000E+000  0.000000E+000  0.000000E+000  0.000000E+000  0.000000E+000  0.000000E+000  0.000000E+000  0.000000E+000  0.000000E+000
    16.000  0.544631E+000  0.121941E-017  0.000000E+000  0.000000E+000  0.000000E+000  0.000000E+000  0.000000E+000  0.000000E+000  0.000000E+000  0.000000E+000  0.455369E+000 -0.121941E-017  0.000000E+000  0.000000E+000  0.000000E+000  0.000000E+000  0.000000E+000  0.000000E+000  0.000000E+000  0.000000E+000  0.000000E+000  0.000000E+000  0.000000E+000  0.000000E+000  0.000000E+000  0.000000E+000  0.000000E+000  0.000000E+000  0.000000E+000  0.000000E+000  0.000000E+000  0.000000E+000
    16.500  0.538839E+000  0.200445E-017  0.000000E+000  0.000000E+000  0.000000E+000  0.000000E+000  0.000000E+000  0.000000E+000  0.000000E+000  0.000000E+000  0.461161E+000 -0.200445E-017  0.000000E+000  0.000000E+000  0.000000E+000  0.000000E+000  0.000000E+000  0.000000E+000  0.000000E+000  0.000000E+000  0.000000E+000  0.000000E+000  0.000000E+000  0.000000E+000  0.000000E+000  0.000000E+000  0.000000E+000  0.000000E+000  0.000000E+000  0.000000E+000  0.000000E+000  0.000000E+000
    17.000  0.533176E+000  0.822518E-018  0.000000E+000  0.000000E+000  0.000000E+000  0.000000E+000  0.000000E+000  0.000000E+000  0.000000E+000  0.000000E+000  0.466824E+000 -0.822518E-018  0.000000E+000  0.000000E+000  0.000000E+000  0.000000E+000  0.000000E+000  0.000000E+000  0.000000E+000  0.000000E+000  0.000000E+000  0.000000E+000  0.000000E+000  0.000000E+000  0.000000E+000  0.000000E+000  0.000000E+000  0.000000E+000  0.000000E+000  0.000000E+000  0.000000E+000  0.000000E+000
    17.500  0.527557E+000 -0.801134E-018  0.000000E+000  0.000000E+000  0.000000E+000  0.000000E+000  0.000000E+000  0.000000E+000  0.000000E+000  0.000000E+000  0.472443E+000  0.801134E-018  0.000000E+000  0.000000E+000  0.000000E+000  0.000000E+000  0.000000E+000  0.000000E+000  0.000000E+000  0.000000E+000  0.000000E+000  0.000000E+000  0.000000E+000  0.000000E+000  0.000000E+000  0.000000E+000  0.000000E+000  0.000000E+000  0.000000E+000  0.000000E+000  0.000000E+000  0.000000E+000
    18.000  0.521963E+000 -0.973992E-018  0.000000E+000  0.000000E+000  0.000000E+000  0.000000E+000  0.000000E+000  0.000000E+000  0.000000E+000  0.000000E+000  0.478037E+000  0.973992E-018  0.000000E+000  0.000000E+000  0.000000E+000  0.000000E+000  0.000000E+000  0.000000E+000  0.000000E+000  0.000000E+000  0.000000E+000  0.000000E+000  0.000000E+000  0.000000E+000  0.000000E+000  0.000000E+000  0.000000E+000  0.000000E+000  0.000000E+000  0.000000E+000  0.000000E+000  0.000000E+000
    18.500  0.516424E+000 -0.127582E-018  0.000000E+000  0.000000E+000  0.000000E+000  0.000000E+000  0.000000E+000  0.000000E+000  0.000000E+000  0.000000E+000  0.483576E+000  0.127582E-018  0.000000E+000  0.000000E+000  0.000000E+000  0.000000E+000  0.000000E+000  0.000000E+000  0.000000E+000  0.000000E+000  0.000000E+000  0.000000E+000  0.000000E+000  0.000000E+000  0.000000E+000  0.000000E+000  0.000000E+000  0.000000E+000  0.000000E+000  0.000000E+000  0.000000E+000  0.000000E+000
    19.000  0.510993E+000  0.126971E-017  0.000000E+000  0.000000E+000  0.000000E+000  0.000000E+000  0.000000E+000  0.000000E+000  0.000000E+000  0.000000E+000  0.489007E+000 -0.126971E-017  0.000000E+000  0.000000E+000  0.000000E+000  0.000000E+000  0.000000E+000  0.000000E+000  0.000000E+000  0.000000E+000  0.000000E+000  0.000000E+000  0.000000E+000  0.000000E+000  0.000000E+000  0.000000E+000  0.000000E+000  0.000000E+000  0.000000E+000  0.000000E+000  0.000000E+000  0.000000E+000
    19.500  0.505712E+000  0.264604E-017  0.000000E+000  0.000000E+000  0.000000E+000  0.000000E+000  0.000000E+000  0.000000E+000  0.000000E+000  0.000000E+000  0.494288E+000 -0.264604E-017  0.000000E+000  0.000000E+000  0.000000E+000  0.000000E+000  0.000000E+000  0.000000E+000  0.000000E+000  0.000000E+000  0.000000E+000  0.000000E+000  0.000000E+000  0.000000E+000  0.000000E+000  0.000000E+000  0.000000E+000  0.000000E+000  0.000000E+000  0.000000E+000  0.000000E+000  0.000000E+000
    20.000  0.500600E+000  0.391931E-017  0.000000E+000  0.000000E+000  0.000000E+000  0.000000E+000  0.000000E+000  0.000000E+000  0.000000E+000  0.000000E+000  0.499400E+000 -0.391931E-017  0.000000E+000  0.000000E+000  0.000000E+000  0.000000E+000  0.000000E+000  0.000000E+000  0.000000E+000  0.000000E+000  0.000000E+000  0.000000E+000  0.000000E+000  0.000000E+000  0.000000E+000  0.000000E+000  0.000000E+000  0.000000E+000  0.000000E+000  0.000000E+000  0.000000E+000  0.000000E+000
    20.500  0.495648E+000  0.261625E-017  0.000000E+000  0.000000E+000  0.000000E+000  0.000000E+000  0.000000E+000  0.000000E+000  0.000000E+000  0.000000E+000  0.504352E+000 -0.261625E-017  0.000000E+000  0.000000E+000  0.000000E+000  0.000000E+000  0.000000E+000  0.000000E+000  0.000000E+000  0.000000E+000  0.000000E+000  0.000000E+000  0.000000E+000  0.000000E+000  0.000000E+000  0.000000E+000  0.000000E+000  0.000000E+000  0.000000E+000  0.000000E+000  0.000000E+000  0.000000E+000
    21.000  0.490833E+000  0.120342E-017  0.000000E+000  0.000000E+000  0.000000E+000  0.000000E+000  0.000000E+000  0.000000E+000  0.000000E+000  0.000000E+000  0.509167E+000 -0.120342E-017  0.000000E+000  0.000000E+000  0.000000E+000  0.000000E+000  0.000000E+000  0.000000E+000  0.000000E+000  0.000000E+000  0.000000E+000  0.000000E+000  0.000000E+000  0.000000E+000  0.000000E+000  0.000000E+000  0.000000E+000  0.000000E+000  0.000000E+000  0.000000E+000  0.000000E+000  0.000000E+000
    21.500  0.486129E+000 -0.166010E-018  0.000000E+000  0.000000E+000  0.000000E+000  0.000000E+000  0.000000E+000  0.000000E+000  0.000000E+000  0.000000E+000  0.513871E+000  0.166010E-018  0.000000E+000  0.000000E+000  0.000000E+000  0.000000E+000  0.000000E+000  0.000000E+000  0.000000E+000  0.000000E+000  0.000000E+000  0.000000E+000  0.000000E+000  0.000000E+000  0.000000E+000  0.000000E+000  0.000000E+000  0.000000E+000  0.000000E+000  0.000000E+000  0.000000E+000  0.000000E+000
    22.000  0.481518E+000 -0.110575E-017  0.000000E+000  0.000000E+000  0.000000E+000  0.000000E+000  0.000000E+000  0.000000E+000  0.000000E+000  0.000000E+000  0.518482E+000  0.110575E-017  0.000000E+000  0.000000E+000  0.000000E+000  0.000000E+000  0.000000E+000  0.000000E+000  0.000000E+000  0.000000E+000  0.000000E+000  0.000000E+000  0.000000E+000  0.000000E+000  0.000000E+000  0.000000E+000  0.000000E+000  0.000000E+000  0.000000E+000  0.000000E+000  0.000000E+000  0.000000E+000
    22.500  0.476992E+000 -0.378919E-018  0.000000E+000  0.000000E+000  0.000000E+000  0.000000E+000  0.000000E+000  0.000000E+000  0.000000E+000  0.000000E+000  0.523008E+000  0.378919E-018  0.000000E+000  0.000000E+000  0.000000E+000  0.000000E+000  0.000000E+000  0.000000E+000  0.000000E+000  0.000000E+000  0.000000E+000  0.000000E+000  0.000000E+000  0.000000E+000  0.000000E+000  0.000000E+000  0.000000E+000  0.000000E+000  0.000000E+000  0.000000E+000  0.000000E+000  0.000000E+000
    23.000  0.472557E+000  0.101610E-017  0.000000E+000  0.000000E+000  0.000000E+000  0.000000E+000  0.000000E+000  0.000000E+000  0.000000E+000  0.000000E+000  0.527443E+000 -0.101610E-017  0.000000E+000  0.000000E+000  0.000000E+000  0.000000E+000  0.000000E+000  0.000000E+000  0.000000E+000  0.000000E+000  0.000000E+000  0.000000E+000  0.000000E+000  0.000000E+000  0.000000E+000  0.000000E+000  0.000000E+000  0.000000E+000  0.000000E+000  0.000000E+000  0.000000E+000  0.000000E+000
    23.500  0.468219E+000  0.107159E-017  0.000000E+000  0.000000E+000  0.000000E+000  0.000000E+000  0.000000E+000  0.000000E+000  0.000000E+000  0.000000E+000  0.531781E+000 -0.107159E-017  0.000000E+000  0.000000E+000  0.000000E+000  0.000000E+000  0.000000E+000  0.000000E+000  0.000000E+000  0.000000E+000  0.000000E+000  0.000000E+000  0.000000E+000  0.000000E+000  0.000000E+000  0.000000E+000  0.000000E+000  0.000000E+000  0.000000E+000  0.000000E+000  0.000000E+000  0.000000E+000
    24.000  0.463986E+000  0.106822E-017  0.000000E+000  0.000000E+000  0.000000E+000  0.000000E+000  0.000000E+000  0.000000E+000  0.000000E+000  0.000000E+000  0.536014E+000 -0.106822E-017  0.000000E+000  0.000000E+000  0.000000E+000  0.000000E+000  0.000000E+000  0.000000E+000  0.000000E+000  0.000000E+000  0.000000E+000  0.000000E+000  0.000000E+000  0.000000E+000  0.000000E+000  0.000000E+000  0.000000E+000  0.000000E+000  0.000000E+000  0.000000E+000  0.000000E+000  0.000000E+000
    24.500  0.459858E+000  0.106474E-017  0.000000E+000  0.000000E+000  0.000000E+000  0.000000E+000  0.000000E+000  0.000000E+000  0.000000E+000  0.000000E+000  0.540142E+000 -0.106474E-017  0.000000E+000  0.000000E+000  0.000000E+000  0.000000E+000  0.000000E+000  0.000000E+000  0.000000E+000  0.000000E+000  0.000000E+000  0.000000E+000  0.000000E+000  0.000000E+000  0.000000E+000  0.000000E+000  0.000000E+000  0.000000E+000  0.000000E+000  0.000000E+000  0.000000E+000  0.000000E+000
    25.000  0.455832E+000  0.106318E-017  0.000000E+000  0.000000E+000  0.000000E+000  0.000000E+000  0.000000E+000  0.000000E+000  0.000000E+000  0.000000E+000  0.544168E+000 -0.106318E-017  0.000000E+000  0.000000E+000  0.000000E+000  0.000000E+000  0.000000E+000  0.000000E+000  0.000000E+000  0.000000E+000  0.000000E+000  0.000000E+000  0.000000E+000  0.000000E+000  0.000000E+000  0.000000E+000  0.000000E+000  0.000000E+000  0.000000E+000  0.000000E+000  0.000000E+000  0.000000E+000
    25.500  0.451904E+000  0.106020E-017  0.000000E+000  0.000000E+000  0.000000E+000  0.000000E+000  0.000000E+000  0.000000E+000  0.000000E+000  0.000000E+000  0.548096E+000 -0.106020E-017  0.000000E+000  0.000000E+000  0.000000E+000  0.000000E+000  0.000000E+000  0.000000E+000  0.000000E+000  0.000000E+000  0.000000E+000  0.000000E+000  0.000000E+000  0.000000E+000  0.000000E+000  0.000000E+000  0.000000E+000  0.000000E+000  0.000000E+000  0.000000E+000  0.000000E+000  0.000000E+000
    26.000  0.448065E+000  0.105744E-017  0.000000E+000  0.000000E+000  0.000000E+000  0.000000E+000  0.000000E+000  0.000000E+000  0.000000E+000  0.000000E+000  0.551935E+000 -0.105744E-017  0.000000E+000  0.000000E+000  0.000000E+000  0.000000E+000  0.000000E+000  0.000000E+000  0.000000E+000  0.000000E+000  0.000000E+000  0.000000E+000  0.000000E+000  0.000000E+000  0.000000E+000  0.000000E+000  0.000000E+000  0.000000E+000  0.000000E+000  0.000000E+000  0.000000E+000  0.000000E+000
    26.500  0.444311E+000  0.105432E-017  0.000000E+000  0.000000E+000  0.000000E+000  0.000000E+000  0.000000E+000  0.000000E+000  0.000000E+000  0.000000E+000  0.555689E+000 -0.105432E-017  0.000000E+000  0.000000E+000  0.000000E+000  0.000000E+000  0.000000E+000  0.000000E+000  0.000000E+000  0.000000E+000  0.000000E+000  0.000000E+000  0.000000E+000  0.000000E+000  0.000000E+000  0.000000E+000  0.000000E+000  0.000000E+000  0.000000E+000  0.000000E+000  0.000000E+000  0.000000E+000
    27.000  0.440639E+000  0.105389E-017  0.000000E+000  0.000000E+000  0.000000E+000  0.000000E+000  0.000000E+000  0.000000E+000  0.000000E+000  0.000000E+000  0.559361E+000 -0.105389E-017  0.000000E+000  0.000000E+000  0.000000E+000  0.000000E+000  0.000000E+000  0.000000E+000  0.000000E+000  0.000000E+000  0.000000E+000  0.000000E+000  0.000000E+000  0.000000E+000  0.000000E+000  0.000000E+000  0.000000E+000  0.000000E+000  0.000000E+000  0.000000E+000  0.000000E+000  0.000000E+000
    27.500  0.437049E+000  0.105141E-017  0.000000E+000  0.000000E+000  0.000000E+000  0.000000E+000  0.000000E+000  0.000000E+000  0.000000E+000  0.000000E+000  0.562951E+000 -0.105141E-017  0.000000E+000  0.000000E+000  0.000000E+000  0.000000E+000  0.000000E+000  0.000000E+000  0.000000E+000  0.000000E+000  0.000000E+000  0.000000E+000  0.000000E+000  0.000000E+000  0.000000E+000  0.000000E+000  0.000000E+000  0.000000E+000  0.000000E+000  0.000000E+000  0.000000E+000  0.000000E+000
    28.000  0.433539E+000  0.104866E-017  0.000000E+000  0.000000E+000  0.000000E+000  0.000000E+000  0.000000E+000  0.000000E+000  0.000000E+000  0.000000E+000  0.566461E+000 -0.104866E-017  0.000000E+000  0.000000E+000  0.000000E+000  0.000000E+000  0.000000E+000  0.000000E+000  0.000000E+000  0.000000E+000  0.000000E+000  0.000000E+000  0.000000E+000  0.000000E+000  0.000000E+000  0.000000E+000  0.000000E+000  0.000000E+000  0.000000E+000  0.000000E+000  0.000000E+000  0.000000E+000
    28.500  0.430110E+000  0.104614E-017  0.000000E+000  0.000000E+000  0.000000E+000  0.000000E+000  0.000000E+000  0.000000E+000  0.000000E+000  0.000000E+000  0.569890E+000 -0.104614E-017  0.000000E+000  0.000000E+000  0.000000E+000  0.000000E+000  0.000000E+000  0.000000E+000  0.000000E+000  0.000000E+000  0.000000E+000  0.000000E+000  0.000000E+000  0.000000E+000  0.000000E+000  0.000000E+000  0.000000E+000  0.000000E+000  0.000000E+000  0.000000E+000  0.000000E+000  0.000000E+000
    29.000  0.426761E+000  0.104342E-017  0.000000E+000  0.000000E+000  0.000000E+000  0.000000E+000  0.000000E+000  0.000000E+000  0.000000E+000  0.000000E+000  0.573239E+000 -0.104342E-017  0.000000E+000  0.000000E+000  0.000000E+000  0.000000E+000  0.000000E+000  0.000000E+000  0.000000E+000  0.000000E+000  0.000000E+000  0.000000E+000  0.000000E+000  0.000000E+000  0.000000E+000  0.000000E+000  0.000000E+000  0.000000E+000  0.000000E+000  0.000000E+000  0.000000E+000  0.000000E+000
    29.500  0.423490E+000  0.104036E-017  0.000000E+000  0.000000E+000  0.000000E+000  0.000000E+000  0.000000E+000  0.000000E+000  0.000000E+000  0.000000E+000  0.576510E+000 -0.104036E-017  0.000000E+000  0.000000E+000  0.000000E+000  0.000000E+000  0.000000E+000  0.000000E+000  0.000000E+000  0.000000E+000  0.000000E+000  0.000000E+000  0.000000E+000  0.000000E+000  0.000000E+000  0.000000E+000  0.000000E+000  0.000000E+000  0.000000E+000  0.000000E+000  0.000000E+000  0.000000E+000
    30.000  0.420294E+000  0.103766E-017  0.000000E+000  0.000000E+000  0.000000E+000  0.000000E+000  0.000000E+000  0.000000E+000  0.000000E+000  0.000000E+000  0.579706E+000 -0.103766E-017  0.000000E+000  0.000000E+000  0.000000E+000  0.000000E+000  0.000000E+000  0.000000E+000  0.000000E+000  0.000000E+000  0.000000E+000  0.000000E+000  0.000000E+000  0.000000E+000  0.000000E+000  0.000000E+000  0.000000E+000  0.000000E+000  0.000000E+000  0.000000E+000  0.000000E+000  0.000000E+000
    30.500  0.417171E+000  0.103364E-017  0.000000E+000  0.000000E+000  0.000000E+000  0.000000E+000  0.000000E+000  0.000000E+000  0.000000E+000  0.000000E+000  0.582829E+000 -0.103364E-017  0.000000E+000  0.000000E+000  0.000000E+000  0.000000E+000  0.000000E+000  0.000000E+000  0.000000E+000  0.000000E+000  0.000000E+000  0.000000E+000  0.000000E+000  0.000000E+000  0.000000E+000  0.000000E+000  0.000000E+000  0.000000E+000  0.000000E+000  0.000000E+000  0.000000E+000  0.000000E+000
    31.000  0.414118E+000  0.173043E-017  0.000000E+000  0.000000E+000  0.000000E+000  0.000000E+000  0.000000E+000  0.000000E+000  0.000000E+000  0.000000E+000  0.585882E+000 -0.173043E-017  0.000000E+000  0.000000E+000  0.000000E+000  0.000000E+000  0.000000E+000  0.000000E+000  0.000000E+000  0.000000E+000  0.000000E+000  0.000000E+000  0.000000E+000  0.000000E+000  0.000000E+000  0.000000E+000  0.000000E+000  0.000000E+000  0.000000E+000  0.000000E+000  0.000000E+000  0.000000E+000
    31.500  0.411134E+000  0.447691E-017  0.000000E+000  0.000000E+000  0.000000E+000  0.000000E+000  0.000000E+000  0.000000E+000  0.000000E+000  0.000000E+000  0.588866E+000 -0.447691E-017  0.000000E+000  0.000000E+000  0.000000E+000  0.000000E+000  0.000000E+000  0.000000E+000  0.000000E+000  0.000000E+000  0.000000E+000  0.000000E+000  0.000000E+000  0.000000E+000  0.000000E+000  0.000000E+000  0.000000E+000  0.000000E+000  0.000000E+000  0.000000E+000  0.000000E+000  0.000000E+000
    32.000  0.408217E+000  0.526964E-017  0.000000E+000  0.000000E+000  0.000000E+000  0.000000E+000  0.000000E+000  0.000000E+000  0.000000E+000  0.000000E+000  0.591783E+000 -0.526964E-017  0.000000E+000  0.000000E+000  0.000000E+000  0.000000E+000  0.000000E+000  0.000000E+000  0.000000E+000  0.000000E+000  0.000000E+000  0.000000E+000  0.000000E+000  0.000000E+000  0.000000E+000  0.000000E+000  0.000000E+000  0.000000E+000  0.000000E+000  0.000000E+000  0.000000E+000  0.000000E+000
    32.500  0.405367E+000  0.298595E-017  0.000000E+000  0.000000E+000  0.000000E+000  0.000000E+000  0.000000E+000  0.000000E+000  0.000000E+000  0.000000E+000  0.594633E+000 -0.298595E-017  0.000000E+000  0.000000E+000  0.000000E+000  0.000000E+000  0.000000E+000  0.000000E+000  0.000000E+000  0.000000E+000  0.000000E+000  0.000000E+000  0.000000E+000  0.000000E+000  0.000000E+000  0.000000E+000  0.000000E+000  0.000000E+000  0.000000E+000  0.000000E+000  0.000000E+000  0.000000E+000
    33.000  0.402581E+000 -0.257823E-017  0.000000E+000  0.000000E+000  0.000000E+000  0.000000E+000  0.000000E+000  0.000000E+000  0.000000E+000  0.000000E+000  0.597419E+000  0.257823E-017  0.000000E+000  0.000000E+000  0.000000E+000  0.000000E+000  0.000000E+000  0.000000E+000  0.000000E+000  0.000000E+000  0.000000E+000  0.000000E+000  0.000000E+000  0.000000E+000  0.000000E+000  0.000000E+000  0.000000E+000  0.000000E+000  0.000000E+000  0.000000E+000  0.000000E+000  0.000000E+000
    33.500  0.399859E+000 -0.812543E-017  0.000000E+000  0.000000E+000  0.000000E+000  0.000000E+000  0.000000E+000  0.000000E+000  0.000000E+000  0.000000E+000  0.600141E+000  0.812543E-017  0.000000E+000  0.000000E+000  0.000000E+000  0.000000E+000  0.000000E+000  0.000000E+000  0.000000E+000  0.000000E+000  0.000000E+000  0.000000E+000  0.000000E+000  0.000000E+000  0.000000E+000  0.000000E+000  0.000000E+000  0.000000E+000  0.000000E+000  0.000000E+000  0.000000E+000  0.000000E+000
    34.000  0.397199E+000 -0.136718E-016  0.000000E+000  0.000000E+000  0.000000E+000  0.000000E+000  0.000000E+000  0.000000E+000  0.000000E+000  0.000000E+000  0.602801E+000  0.136718E-016  0.000000E+000  0.000000E+000  0.000000E+000  0.000000E+000  0.000000E+000  0.000000E+000  0.000000E+000  0.000000E+000  0.000000E+000  0.000000E+000  0.000000E+000  0.000000E+000  0.000000E+000  0.000000E+000  0.000000E+000  0.000000E+000  0.000000E+000  0.000000E+000  0.000000E+000  0.000000E+000
    34.500  0.394599E+000 -0.947745E-017  0.000000E+000  0.000000E+000  0.000000E+000  0.000000E+000  0.000000E+000  0.000000E+000  0.000000E+000  0.000000E+000  0.605401E+000  0.947745E-017  0.000000E+000  0.000000E+000  0.000000E+000  0.000000E+000  0.000000E+000  0.000000E+000  0.000000E+000  0.000000E+000  0.000000E+000  0.000000E+000  0.000000E+000  0.000000E+000  0.000000E+000  0.000000E+000  0.000000E+000  0.000000E+000  0.000000E+000  0.000000E+000  0.000000E+000  0.000000E+000
    35.000  0.392058E+000  0.159536E-017  0.000000E+000  0.000000E+000  0.000000E+000  0.000000E+000  0.000000E+000  0.000000E+000  0.000000E+000  0.000000E+000  0.607942E+000 -0.159536E-017  0.000000E+000  0.000000E+000  0.000000E+000  0.000000E+000  0.000000E+000  0.000000E+000  0.000000E+000  0.000000E+000  0.000000E+000  0.000000E+000  0.000000E+000  0.000000E+000  0.000000E+000  0.000000E+000  0.000000E+000  0.000000E+000  0.000000E+000  0.000000E+000  0.000000E+000  0.000000E+000
    35.500  0.389575E+000  0.403920E-017  0.000000E+000  0.000000E+000  0.000000E+000  0.000000E+000  0.000000E+000  0.000000E+000  0.000000E+000  0.000000E+000  0.610425E+000 -0.403920E-017  0.000000E+000  0.000000E+000  0.000000E+000  0.000000E+000  0.000000E+000  0.000000E+000  0.000000E+000  0.000000E+000  0.000000E+000  0.000000E+000  0.000000E+000  0.000000E+000  0.000000E+000  0.000000E+000  0.000000E+000  0.000000E+000  0.000000E+000  0.000000E+000  0.000000E+000  0.000000E+000
    36.000  0.387148E+000 -0.157246E-017  0.000000E+000  0.000000E+000  0.000000E+000  0.000000E+000  0.000000E+000  0.000000E+000  0.000000E+000  0.000000E+000  0.612852E+000  0.157246E-017  0.000000E+000  0.000000E+000  0.000000E+000  0.000000E+000  0.000000E+000  0.000000E+000  0.000000E+000  0.000000E+000  0.000000E+000  0.000000E+000  0.000000E+000  0.000000E+000  0.000000E+000  0.000000E+000  0.000000E+000  0.000000E+000  0.000000E+000  0.000000E+000  0.000000E+000  0.000000E+000
    36.500  0.384776E+000 -0.523651E-017  0.000000E+000  0.000000E+000  0.000000E+000  0.000000E+000  0.000000E+000  0.000000E+000  0.000000E+000  0.000000E+000  0.615224E+000  0.523651E-017  0.000000E+000  0.000000E+000  0.000000E+000  0.000000E+000  0.000000E+000  0.000000E+000  0.000000E+000  0.000000E+000  0.000000E+000  0.000000E+000  0.000000E+000  0.000000E+000  0.000000E+000  0.000000E+000  0.000000E+000  0.000000E+000  0.000000E+000  0.000000E+000  0.000000E+000  0.000000E+000
    37.000  0.382458E+000 -0.522149E-017  0.000000E+000  0.000000E+000  0.000000E+000  0.000000E+000  0.000000E+000  0.000000E+000  0.000000E+000  0.000000E+000  0.617542E+000  0.522149E-017  0.000000E+000  0.000000E+000  0.000000E+000  0.000000E+000  0.000000E+000  0.000000E+000  0.000000E+000  0.000000E+000  0.000000E+000  0.000000E+000  0.000000E+000  0.000000E+000  0.000000E+000  0.000000E+000  0.000000E+000  0.000000E+000  0.000000E+000  0.000000E+000  0.000000E+000  0.000000E+000
    37.500  0.380192E+000 -0.520579E-017  0.000000E+000  0.000000E+000  0.000000E+000  0.000000E+000  0.000000E+000  0.000000E+000  0.000000E+000  0.000000E+000  0.619808E+000  0.520579E-017  0.000000E+000  0.000000E+000  0.000000E+000  0.000000E+000  0.000000E+000  0.000000E+000  0.000000E+000  0.000000E+000  0.000000E+000  0.000000E+000  0.000000E+000  0.000000E+000  0.000000E+000  0.000000E+000  0.000000E+000  0.000000E+000  0.000000E+000  0.000000E+000  0.000000E+000  0.000000E+000
    38.000  0.377977E+000 -0.519498E-017  0.000000E+000  0.000000E+000  0.000000E+000  0.000000E+000  0.000000E+000  0.000000E+000  0.000000E+000  0.000000E+000  0.622023E+000  0.519498E-017  0.000000E+000  0.000000E+000  0.000000E+000  0.000000E+000  0.000000E+000  0.000000E+000  0.000000E+000  0.000000E+000  0.000000E+000  0.000000E+000  0.000000E+000  0.000000E+000  0.000000E+000  0.000000E+000  0.000000E+000  0.000000E+000  0.000000E+000  0.000000E+000  0.000000E+000  0.000000E+000
    38.500  0.375813E+000 -0.517929E-017  0.000000E+000  0.000000E+000  0.000000E+000  0.000000E+000  0.000000E+000  0.000000E+000  0.000000E+000  0.000000E+000  0.624187E+000  0.517929E-017  0.000000E+000  0.000000E+000  0.000000E+000  0.000000E+000  0.000000E+000  0.000000E+000  0.000000E+000  0.000000E+000  0.000000E+000  0.000000E+000  0.000000E+000  0.000000E+000  0.000000E+000  0.000000E+000  0.000000E+000  0.000000E+000  0.000000E+000  0.000000E+000  0.000000E+000  0.000000E+000
    39.000  0.373697E+000 -0.516574E-017  0.000000E+000  0.000000E+000  0.000000E+000  0.000000E+000  0.000000E+000  0.000000E+000  0.000000E+000  0.000000E+000  0.626303E+000  0.516574E-017  0.000000E+000  0.000000E+000  0.000000E+000  0.000000E+000  0.000000E+000  0.000000E+000  0.000000E+000  0.000000E+000  0.000000E+000  0.000000E+000  0.000000E+000  0.000000E+000  0.000000E+000  0.000000E+000  0.000000E+000  0.000000E+000  0.000000E+000  0.000000E+000  0.000000E+000  0.000000E+000
    39.500  0.371630E+000 -0.515104E-017  0.000000E+000  0.000000E+000  0.000000E+000  0.000000E+000  0.000000E+000  0.000000E+000  0.000000E+000  0.000000E+000  0.628370E+000  0.515104E-017  0.000000E+000  0.000000E+000  0.000000E+000  0.000000E+000  0.000000E+000  0.000000E+000  0.000000E+000  0.000000E+000  0.000000E+000  0.000000E+000  0.000000E+000  0.000000E+000  0.000000E+000  0.000000E+000  0.000000E+000  0.000000E+000  0.000000E+000  0.000000E+000  0.000000E+000  0.000000E+000
    40.000  0.369609E+000 -0.513957E-017  0.000000E+000  0.000000E+000  0.000000E+000  0.000000E+000  0.000000E+000  0.000000E+000  0.000000E+000  0.000000E+000  0.630391E+000  0.513957E-017  0.000000E+000  0.000000E+000  0.000000E+000  0.000000E+000  0.000000E+000  0.000000E+000  0.000000E+000  0.000000E+000  0.000000E+000  0.000000E+000  0.000000E+000  0.000000E+000  0.000000E+000  0.000000E+000  0.000000E+000  0.000000E+000  0.000000E+000  0.000000E+000  0.000000E+000  0.000000E+000
    40.500  0.367634E+000 -0.109482E-018  0.000000E+000  0.000000E+000  0.000000E+000  0.000000E+000  0.000000E+000  0.000000E+000  0.000000E+000  0.000000E+000  0.632366E+000  0.109482E-018  0.000000E+000  0.000000E+000  0.000000E+000  0.000000E+000  0.000000E+000  0.000000E+000  0.000000E+000  0.000000E+000  0.000000E+000  0.000000E+000  0.000000E+000  0.000000E+000  0.000000E+000  0.000000E+000  0.000000E+000  0.000000E+000  0.000000E+000  0.000000E+000  0.000000E+000  0.000000E+000
    41.000  0.365704E+000  0.466642E-017  0.000000E+000  0.000000E+000  0.000000E+000  0.000000E+000  0.000000E+000  0.000000E+000  0.000000E+000  0.000000E+000  0.634296E+000 -0.466642E-017  0.000000E+000  0.000000E+000  0.000000E+000  0.000000E+000  0.000000E+000  0.000000E+000  0.000000E+000  0.000000E+000  0.000000E+000  0.000000E+000  0.000000E+000  0.000000E+000  0.000000E+000  0.000000E+000  0.000000E+000  0.000000E+000  0.000000E+000  0.000000E+000  0.000000E+000  0.000000E+000
    41.500  0.363817E+000  0.464843E-017  0.000000E+000  0.000000E+000  0.000000E+000  0.000000E+000  0.000000E+000  0.000000E+000  0.000000E+000  0.000000E+000  0.636183E+000 -0.464843E-017  0.000000E+000  0.000000E+000  0.000000E+000  0.000000E+000  0.000000E+000  0.000000E+000  0.000000E+000  0.000000E+000  0.000000E+000  0.000000E+000  0.000000E+000  0.000000E+000  0.000000E+000  0.000000E+000  0.000000E+000  0.000000E+000  0.000000E+000  0.000000E+000  0.000000E+000  0.000000E+000
    42.000  0.361973E+000  0.856392E-018  0.000000E+000  0.000000E+000  0.000000E+000  0.000000E+000  0.000000E+000  0.000000E+000  0.000000E+000  0.000000E+000  0.638027E+000 -0.856392E-018  0.000000E+000  0.000000E+000  0.000000E+000  0.000000E+000  0.000000E+000  0.000000E+000  0.000000E+000  0.000000E+000  0.000000E+000  0.000000E+000  0.000000E+000  0.000000E+000  0.000000E+000  0.000000E+000  0.000000E+000  0.000000E+000  0.000000E+000  0.000000E+000  0.000000E+000  0.000000E+000
    42.500  0.360170E+000 -0.439812E-017  0.000000E+000  0.000000E+000  0.000000E+000  0.000000E+000  0.000000E+000  0.000000E+000  0.000000E+000  0.000000E+000  0.639830E+000  0.439812E-017  0.000000E+000  0.000000E+000  0.000000E+000  0.000000E+000  0.000000E+000  0.000000E+000  0.000000E+000  0.000000E+000  0.000000E+000  0.000000E+000  0.000000E+000  0.000000E+000  0.000000E+000  0.000000E+000  0.000000E+000  0.000000E+000  0.000000E+000  0.000000E+000  0.000000E+000  0.000000E+000
    43.000  0.358409E+000 -0.438303E-017  0.000000E+000  0.000000E+000  0.000000E+000  0.000000E+000  0.000000E+000  0.000000E+000  0.000000E+000  0.000000E+000  0.641591E+000  0.438303E-017  0.000000E+000  0.000000E+000  0.000000E+000  0.000000E+000  0.000000E+000  0.000000E+000  0.000000E+000  0.000000E+000  0.000000E+000  0.000000E+000  0.000000E+000  0.000000E+000  0.000000E+000  0.000000E+000  0.000000E+000  0.000000E+000  0.000000E+000  0.000000E+000  0.000000E+000  0.000000E+000
    43.500  0.356687E+000 -0.437218E-017  0.000000E+000  0.000000E+000  0.000000E+000  0.000000E+000  0.000000E+000  0.000000E+000  0.000000E+000  0.000000E+000  0.643313E+000  0.437218E-017  0.000000E+000  0.000000E+000  0.000000E+000  0.000000E+000  0.000000E+000  0.000000E+000  0.000000E+000  0.000000E+000  0.000000E+000  0.000000E+000  0.000000E+000  0.000000E+000  0.000000E+000  0.000000E+000  0.000000E+000  0.000000E+000  0.000000E+000  0.000000E+000  0.000000E+000  0.000000E+000
    44.000  0.355004E+000 -0.436257E-017  0.000000E+000  0.000000E+000  0.000000E+000  0.000000E+000  0.000000E+000  0.000000E+000  0.000000E+000  0.000000E+000  0.644996E+000  0.436257E-017  0.000000E+000  0.000000E+000  0.000000E+000  0.000000E+000  0.000000E+000  0.000000E+000  0.000000E+000  0.000000E+000  0.000000E+000  0.000000E+000  0.000000E+000  0.000000E+000  0.000000E+000  0.000000E+000  0.000000E+000  0.000000E+000  0.000000E+000  0.000000E+000  0.000000E+000  0.000000E+000
    44.500  0.353359E+000  0.522173E-019  0.000000E+000  0.000000E+000  0.000000E+000  0.000000E+000  0.000000E+000  0.000000E+000  0.000000E+000  0.000000E+000  0.646641E+000 -0.522173E-019  0.000000E+000  0.000000E+000  0.000000E+000  0.000000E+000  0.000000E+000  0.000000E+000  0.000000E+000  0.000000E+000  0.000000E+000  0.000000E+000  0.000000E+000  0.000000E+000  0.000000E+000  0.000000E+000  0.000000E+000  0.000000E+000  0.000000E+000  0.000000E+000  0.000000E+000  0.000000E+000
    45.000  0.351752E+000  0.557258E-017  0.000000E+000  0.000000E+000  0.000000E+000  0.000000E+000  0.000000E+000  0.000000E+000  0.000000E+000  0.000000E+000  0.648248E+000 -0.557258E-017  0.000000E+000  0.000000E+000  0.000000E+000  0.000000E+000  0.000000E+000  0.000000E+000  0.000000E+000  0.000000E+000  0.000000E+000  0.000000E+000  0.000000E+000  0.000000E+000  0.000000E+000  0.000000E+000  0.000000E+000  0.000000E+000  0.000000E+000  0.000000E+000  0.000000E+000  0.000000E+000
    45.500  0.350180E+000  0.775382E-017  0.000000E+000  0.000000E+000  0.000000E+000  0.000000E+000  0.000000E+000  0.000000E+000  0.000000E+000  0.000000E+000  0.649820E+000 -0.775382E-017  0.000000E+000  0.000000E+000  0.000000E+000  0.000000E+000  0.000000E+000  0.000000E+000  0.000000E+000  0.000000E+000  0.000000E+000  0.000000E+000  0.000000E+000  0.000000E+000  0.000000E+000  0.000000E+000  0.000000E+000  0.000000E+000  0.000000E+000  0.000000E+000  0.000000E+000  0.000000E+000
    46.000  0.348644E+000  0.553476E-017  0.000000E+000  0.000000E+000  0.000000E+000  0.000000E+000  0.000000E+000  0.000000E+000  0.000000E+000  0.000000E+000  0.651356E+000 -0.553476E-017  0.000000E+000  0.000000E+000  0.000000E+000  0.000000E+000  0.000000E+000  0.000000E+000  0.000000E+000  0.000000E+000  0.000000E+000  0.000000E+000  0.000000E+000  0.000000E+000  0.000000E+000  0.000000E+000  0.000000E+000  0.000000E+000  0.000000E+000  0.000000E+000  0.000000E+000  0.000000E+000
    46.500  0.347143E+000 -0.804562E-019  0.000000E+000  0.000000E+000  0.000000E+000  0.000000E+000  0.000000E+000  0.000000E+000  0.000000E+000  0.000000E+000  0.652857E+000  0.804562E-019  0.000000E+000  0.000000E+000  0.000000E+000  0.000000E+000  0.000000E+000  0.000000E+000  0.000000E+000  0.000000E+000  0.000000E+000  0.000000E+000  0.000000E+000  0.000000E+000  0.000000E+000  0.000000E+000  0.000000E+000  0.000000E+000  0.000000E+000  0.000000E+000  0.000000E+000  0.000000E+000
    47.000  0.345676E+000 -0.567988E-017  0.000000E+000  0.000000E+000  0.000000E+000  0.000000E+000  0.000000E+000  0.000000E+000  0.000000E+000  0.000000E+000  0.654324E+000  0.567988E-017  0.000000E+000  0.000000E+000  0.000000E+000  0.000000E+000  0.000000E+000  0.000000E+000  0.000000E+000  0.000000E+000  0.000000E+000  0.000000E+000  0.000000E+000  0.000000E+000  0.000000E+000  0.000000E+000  0.000000E+000  0.000000E+000  0.000000E+000  0.000000E+000  0.000000E+000  0.000000E+000
    47.500  0.344242E+000 -0.107503E-016  0.000000E+000  0.000000E+000  0.000000E+000  0.000000E+000  0.000000E+000  0.000000E+000  0.000000E+000  0.000000E+000  0.655758E+000  0.107503E-016  0.000000E+000  0.000000E+000  0.000000E+000  0.000000E+000  0.000000E+000  0.000000E+000  0.000000E+000  0.000000E+000  0.000000E+000  0.000000E+000  0.000000E+000  0.000000E+000  0.000000E+000  0.000000E+000  0.000000E+000  0.000000E+000  0.000000E+000  0.000000E+000  0.000000E+000  0.000000E+000
    48.000  0.342840E+000 -0.107163E-016  0.000000E+000  0.000000E+000  0.000000E+000  0.000000E+000  0.000000E+000  0.000000E+000  0.000000E+000  0.000000E+000  0.657160E+000  0.107163E-016  0.000000E+000  0.000000E+000  0.000000E+000  0.000000E+000  0.000000E+000  0.000000E+000  0.000000E+000  0.000000E+000  0.000000E+000  0.000000E+000  0.000000E+000  0.000000E+000  0.000000E+000  0.000000E+000  0.000000E+000  0.000000E+000  0.000000E+000  0.000000E+000  0.000000E+000  0.000000E+000
    48.500  0.341470E+000 -0.387879E-017  0.000000E+000  0.000000E+000  0.000000E+000  0.000000E+000  0.000000E+000  0.000000E+000  0.000000E+000  0.000000E+000  0.658530E+000  0.387879E-017  0.000000E+000  0.000000E+000  0.000000E+000  0.000000E+000  0.000000E+000  0.000000E+000  0.000000E+000  0.000000E+000  0.000000E+000  0.000000E+000  0.000000E+000  0.000000E+000  0.000000E+000  0.000000E+000  0.000000E+000  0.000000E+000  0.000000E+000  0.000000E+000  0.000000E+000  0.000000E+000
    49.000  0.340131E+000  0.727149E-017  0.000000E+000  0.000000E+000  0.000000E+000  0.000000E+000  0.000000E+000  0.000000E+000  0.000000E+000  0.000000E+000  0.659869E+000 -0.727149E-017  0.000000E+000  0.000000E+000  0.000000E+000  0.000000E+000  0.000000E+000  0.000000E+000  0.000000E+000  0.000000E+000  0.000000E+000  0.000000E+000  0.000000E+000  0.000000E+000  0.000000E+000  0.000000E+000  0.000000E+000  0.000000E+000  0.000000E+000  0.000000E+000  0.000000E+000  0.000000E+000
    49.500  0.338822E+000  0.144420E-016  0.000000E+000  0.000000E+000  0.000000E+000  0.000000E+000  0.000000E+000  0.000000E+000  0.000000E+000  0.000000E+000  0.661178E+000 -0.144420E-016  0.000000E+000  0.000000E+000  0.000000E+000  0.000000E+000  0.000000E+000  0.000000E+000  0.000000E+000  0.000000E+000  0.000000E+000  0.000000E+000  0.000000E+000  0.000000E+000  0.000000E+000  0.000000E+000  0.000000E+000  0.000000E+000  0.000000E+000  0.000000E+000  0.000000E+000  0.000000E+000
    50.000  0.337543E+000  0.154226E-016  0.000000E+000  0.000000E+000  0.000000E+000  0.000000E+000  0.000000E+000  0.000000E+000  0.000000E+000  0.000000E+000  0.662457E+000 -0.154226E-016  0.000000E+000  0.000000E+000  0.000000E+000  0.000000E+000  0.000000E+000  0.000000E+000  0.000000E+000  0.000000E+000  0.000000E+000  0.000000E+000  0.000000E+000  0.000000E+000  0.000000E+000  0.000000E+000  0.000000E+000  0.000000E+000  0.000000E+000  0.000000E+000  0.000000E+000  0.000000E+000
    50.500  0.336293E+000  0.103230E-016  0.000000E+000  0.000000E+000  0.000000E+000  0.000000E+000  0.000000E+000  0.000000E+000  0.000000E+000  0.000000E+000  0.663707E+000 -0.103230E-016  0.000000E+000  0.000000E+000  0.000000E+000  0.000000E+000  0.000000E+000  0.000000E+000  0.000000E+000  0.000000E+000  0.000000E+000  0.000000E+000  0.000000E+000  0.000000E+000  0.000000E+000  0.000000E+000  0.000000E+000  0.000000E+000  0.000000E+000  0.000000E+000  0.000000E+000  0.000000E+000
    51.000  0.335070E+000  0.472769E-017  0.000000E+000  0.000000E+000  0.000000E+000  0.000000E+000  0.000000E+000  0.000000E+000  0.000000E+000  0.000000E+000  0.664930E+000 -0.472769E-017  0.000000E+000  0.000000E+000  0.000000E+000  0.000000E+000  0.000000E+000  0.000000E+000  0.000000E+000  0.000000E+000  0.000000E+000  0.000000E+000  0.000000E+000  0.000000E+000  0.000000E+000  0.000000E+000  0.000000E+000  0.000000E+000  0.000000E+000  0.000000E+000  0.000000E+000  0.000000E+000
    51.500  0.333876E+000  0.304079E-017  0.000000E+000  0.000000E+000  0.000000E+000  0.000000E+000  0.000000E+000  0.000000E+000  0.000000E+000  0.000000E+000  0.666124E+000 -0.304079E-017  0.000000E+000  0.000000E+000  0.000000E+000  0.000000E+000  0.000000E+000  0.000000E+000  0.000000E+000  0.000000E+000  0.000000E+000  0.000000E+000  0.000000E+000  0.000000E+000  0.000000E+000  0.000000E+000  0.000000E+000  0.000000E+000  0.000000E+000  0.000000E+000  0.000000E+000  0.000000E+000
    52.000  0.332708E+000  0.303101E-017  0.000000E+000  0.000000E+000  0.000000E+000  0.000000E+000  0.000000E+000  0.000000E+000  0.000000E+000  0.000000E+000  0.667292E+000 -0.303101E-017  0.000000E+000  0.000000E+000  0.000000E+000  0.000000E+000  0.000000E+000  0.000000E+000  0.000000E+000  0.000000E+000  0.000000E+000  0.000000E+000  0.000000E+000  0.000000E+000  0.000000E+000  0.000000E+000  0.000000E+000  0.000000E+000  0.000000E+000  0.000000E+000  0.000000E+000  0.000000E+000
    52.500  0.331567E+000  0.302327E-017  0.000000E+000  0.000000E+000  0.000000E+000  0.000000E+000  0.000000E+000  0.000000E+000  0.000000E+000  0.000000E+000  0.668433E+000 -0.302327E-017  0.000000E+000  0.000000E+000  0.000000E+000  0.000000E+000  0.000000E+000  0.000000E+000  0.000000E+000  0.000000E+000  0.000000E+000  0.000000E+000  0.000000E+000  0.000000E+000  0.000000E+000  0.000000E+000  0.000000E+000  0.000000E+000  0.000000E+000  0.000000E+000  0.000000E+000  0.000000E+000
    53.000  0.330452E+000  0.301446E-017  0.000000E+000  0.000000E+000  0.000000E+000  0.000000E+000  0.000000E+000  0.000000E+000  0.000000E+000  0.000000E+000  0.669548E+000 -0.301446E-017  0.000000E+000  0.000000E+000  0.000000E+000  0.000000E+000  0.000000E+000  0.000000E+000  0.000000E+000  0.000000E+000  0.000000E+000  0.000000E+000  0.000000E+000  0.000000E+000  0.000000E+000  0.000000E+000  0.000000E+000  0.000000E+000  0.000000E+000  0.000000E+000  0.000000E+000  0.000000E+000
    53.500  0.329361E+000  0.301050E-017  0.000000E+000  0.000000E+000  0.000000E+000  0.000000E+000  0.000000E+000  0.000000E+000  0.000000E+000  0.000000E+000  0.670639E+000 -0.301050E-017  0.000000E+000  0.000000E+000  0.000000E+000  0.000000E+000  0.000000E+000  0.000000E+000  0.000000E+000  0.000000E+000  0.000000E+000  0.000000E+000  0.000000E+000  0.000000E+000  0.000000E+000  0.000000E+000  0.000000E+000  0.000000E+000  0.000000E+000  0.000000E+000  0.000000E+000  0.000000E+000
    54.000  0.328296E+000  0.300510E-017  0.000000E+000  0.000000E+000  0.000000E+000  0.000000E+000  0.000000E+000  0.000000E+000  0.000000E+000  0.000000E+000  0.671704E+000 -0.300510E-017  0.000000E+000  0.000000E+000  0.000000E+000  0.000000E+000  0.000000E+000  0.000000E+000  0.000000E+000  0.000000E+000  0.000000E+000  0.000000E+000  0.000000E+000  0.000000E+000  0.000000E+000  0.000000E+000  0.000000E+000  0.000000E+000  0.000000E+000  0.000000E+000  0.000000E+000  0.000000E+000
    54.500  0.327254E+000  0.299964E-017  0.000000E+000  0.000000E+000  0.000000E+000  0.000000E+000  0.000000E+000  0.000000E+000  0.000000E+000  0.000000E+000  0.672746E+000 -0.299964E-017  0.000000E+000  0.000000E+000  0.000000E+000  0.000000E+000  0.000000E+000  0.000000E+000  0.000000E+000  0.000000E+000  0.000000E+000  0.000000E+000  0.000000E+000  0.000000E+000  0.000000E+000  0.000000E+000  0.000000E+000  0.000000E+000  0.000000E+000  0.000000E+000  0.000000E+000  0.000000E+000
    55.000  0.326236E+000  0.299319E-017  0.000000E+000  0.000000E+000  0.000000E+000  0.000000E+000  0.000000E+000  0.000000E+000  0.000000E+000  0.000000E+000  0.673764E+000 -0.299319E-017  0.000000E+000  0.000000E+000  0.000000E+000  0.000000E+000  0.000000E+000  0.000000E+000  0.000000E+000  0.000000E+000  0.000000E+000  0.000000E+000  0.000000E+000  0.000000E+000  0.000000E+000  0.000000E+000  0.000000E+000  0.000000E+000  0.000000E+000  0.000000E+000  0.000000E+000  0.000000E+000
    55.500  0.325241E+000  0.298768E-017  0.000000E+000  0.000000E+000  0.000000E+000  0.000000E+000  0.000000E+000  0.000000E+000  0.000000E+000  0.000000E+000  0.674759E+000 -0.298768E-017  0.000000E+000  0.000000E+000  0.000000E+000  0.000000E+000  0.000000E+000  0.000000E+000  0.000000E+000  0.000000E+000  0.000000E+000  0.000000E+000  0.000000E+000  0.000000E+000  0.000000E+000  0.000000E+000  0.000000E+000  0.000000E+000  0.000000E+000  0.000000E+000  0.000000E+000  0.000000E+000
    56.000  0.324268E+000  0.298251E-017  0.000000E+000  0.000000E+000  0.000000E+000  0.000000E+000  0.000000E+000  0.000000E+000  0.000000E+000  0.000000E+000  0.675732E+000 -0.298251E-017  0.000000E+000  0.000000E+000  0.000000E+000  0.000000E+000  0.000000E+000  0.000000E+000  0.000000E+000  0.000000E+000  0.000000E+000  0.000000E+000  0.000000E+000  0.000000E+000  0.000000E+000  0.000000E+000  0.000000E+000  0.000000E+000  0.000000E+000  0.000000E+000  0.000000E+000  0.000000E+000
    56.500  0.323318E+000  0.297575E-017  0.000000E+000  0.000000E+000  0.000000E+000  0.000000E+000  0.000000E+000  0.000000E+000  0.000000E+000  0.000000E+000  0.676682E+000 -0.297575E-017  0.000000E+000  0.000000E+000  0.000000E+000  0.000000E+000  0.000000E+000  0.000000E+000  0.000000E+000  0.000000E+000  0.000000E+000  0.000000E+000  0.000000E+000  0.000000E+000  0.000000E+000  0.000000E+000  0.000000E+000  0.000000E+000  0.000000E+000  0.000000E+000  0.000000E+000  0.000000E+000
    57.000  0.322388E+000  0.887042E-018  0.000000E+000  0.000000E+000  0.000000E+000  0.000000E+000  0.000000E+000  0.000000E+000  0.000000E+000  0.000000E+000  0.677612E+000 -0.887042E-018  0.000000E+000  0.000000E+000  0.000000E+000  0.000000E+000  0.000000E+000  0.000000E+000  0.000000E+000  0.000000E+000  0.000000E+000  0.000000E+000  0.000000E+000  0.000000E+000  0.000000E+000  0.000000E+000  0.000000E+000  0.000000E+000  0.000000E+000  0.000000E+000  0.000000E+000  0.000000E+000
    57.500  0.321480E+000 -0.447833E-017  0.000000E+000  0.000000E+000  0.000000E+000  0.000000E+000  0.000000E+000  0.000000E+000  0.000000E+000  0.000000E+000  0.678520E+000  0.447833E-017  0.000000E+000  0.000000E+000  0.000000E+000  0.000000E+000  0.000000E+000  0.000000E+000  0.000000E+000  0.000000E+000  0.000000E+000  0.000000E+000  0.000000E+000  0.000000E+000  0.000000E+000  0.000000E+000  0.000000E+000  0.000000E+000  0.000000E+000  0.000000E+000  0.000000E+000  0.000000E+000
    58.000  0.320592E+000 -0.592969E-017  0.000000E+000  0.000000E+000  0.000000E+000  0.000000E+000  0.000000E+000  0.000000E+000  0.000000E+000  0.000000E+000  0.679408E+000  0.592969E-017  0.000000E+000  0.000000E+000  0.000000E+000  0.000000E+000  0.000000E+000  0.000000E+000  0.000000E+000  0.000000E+000  0.000000E+000  0.000000E+000  0.000000E+000  0.000000E+000  0.000000E+000  0.000000E+000  0.000000E+000  0.000000E+000  0.000000E+000  0.000000E+000  0.000000E+000  0.000000E+000
    58.500  0.319725E+000  0.857134E-018  0.000000E+000  0.000000E+000  0.000000E+000  0.000000E+000  0.000000E+000  0.000000E+000  0.000000E+000  0.000000E+000  0.680275E+000 -0.857134E-018  0.000000E+000  0.000000E+000  0.000000E+000  0.000000E+000  0.000000E+000  0.000000E+000  0.000000E+000  0.000000E+000  0.000000E+000  0.000000E+000  0.000000E+000  0.000000E+000  0.000000E+000  0.000000E+000  0.000000E+000  0.000000E+000  0.000000E+000  0.000000E+000  0.000000E+000  0.000000E+000
    59.000  0.318877E+000  0.107936E-016  0.000000E+000  0.000000E+000  0.000000E+000  0.000000E+000  0.000000E+000  0.000000E+000  0.000000E+000  0.000000E+000  0.681123E+000 -0.107936E-016  0.000000E+000  0.000000E+000  0.000000E+000  0.000000E+000  0.000000E+000  0.000000E+000  0.000000E+000  0.000000E+000  0.000000E+000  0.000000E+000  0.000000E+000  0.000000E+000  0.000000E+000  0.000000E+000  0.000000E+000  0.000000E+000  0.000000E+000  0.000000E+000  0.000000E+000  0.000000E+000
    59.500  0.318048E+000  0.117770E-016  0.000000E+000  0.000000E+000  0.000000E+000  0.000000E+000  0.000000E+000  0.000000E+000  0.000000E+000  0.000000E+000  0.681952E+000 -0.117770E-016  0.000000E+000  0.000000E+000  0.000000E+000  0.000000E+000  0.000000E+000  0.000000E+000  0.000000E+000  0.000000E+000  0.000000E+000  0.000000E+000  0.000000E+000  0.000000E+000  0.000000E+000  0.000000E+000  0.000000E+000  0.000000E+000  0.000000E+000  0.000000E+000  0.000000E+000  0.000000E+000
    60.000  0.317237E+000  0.817050E-017  0.000000E+000  0.000000E+000  0.000000E+000  0.000000E+000  0.000000E+000  0.000000E+000  0.000000E+000  0.000000E+000  0.682763E+000 -0.817050E-017  0.000000E+000  0.000000E+000  0.000000E+000  0.000000E+000  0.000000E+000  0.000000E+000  0.000000E+000  0.000000E+000  0.000000E+000  0.000000E+000  0.000000E+000  0.000000E+000  0.000000E+000  0.000000E+000  0.000000E+000  0.000000E+000  0.000000E+000  0.000000E+000  0.000000E+000  0.000000E+000
    60.500  0.316445E+000  0.246327E-017  0.000000E+000  0.000000E+000  0.000000E+000  0.000000E+000  0.000000E+000  0.000000E+000  0.000000E+000  0.000000E+000  0.683555E+000 -0.246327E-017  0.000000E+000  0.000000E+000  0.000000E+000  0.000000E+000  0.000000E+000  0.000000E+000  0.000000E+000  0.000000E+000  0.000000E+000  0.000000E+000  0.000000E+000  0.000000E+000  0.000000E+000  0.000000E+000  0.000000E+000  0.000000E+000  0.000000E+000  0.000000E+000  0.000000E+000  0.000000E+000
    61.000  0.315671E+000 -0.306692E-017  0.000000E+000  0.000000E+000  0.000000E+000  0.000000E+000  0.000000E+000  0.000000E+000  0.000000E+000  0.000000E+000  0.684329E+000  0.306692E-017  0.000000E+000  0.000000E+000  0.000000E+000  0.000000E+000  0.000000E+000  0.000000E+000  0.000000E+000  0.000000E+000  0.000000E+000  0.000000E+000  0.000000E+000  0.000000E+000  0.000000E+000  0.000000E+000  0.000000E+000  0.000000E+000  0.000000E+000  0.000000E+000  0.000000E+000  0.000000E+000
    61.500  0.314915E+000 -0.353804E-017  0.000000E+000  0.000000E+000  0.000000E+000  0.000000E+000  0.000000E+000  0.000000E+000  0.000000E+000  0.000000E+000  0.685085E+000  0.353804E-017  0.000000E+000  0.000000E+000  0.000000E+000  0.000000E+000  0.000000E+000  0.000000E+000  0.000000E+000  0.000000E+000  0.000000E+000  0.000000E+000  0.000000E+000  0.000000E+000  0.000000E+000  0.000000E+000  0.000000E+000  0.000000E+000  0.000000E+000  0.000000E+000  0.000000E+000  0.000000E+000
    62.000  0.314175E+000 -0.106125E-017  0.000000E+000  0.000000E+000  0.000000E+000  0.000000E+000  0.000000E+000  0.000000E+000  0.000000E+000  0.000000E+000  0.685825E+000  0.106125E-017  0.000000E+000  0.000000E+000  0.000000E+000  0.000000E+000  0.000000E+000  0.000000E+000  0.000000E+000  0.000000E+000  0.000000E+000  0.000000E+000  0.000000E+000  0.000000E+000  0.000000E+000  0.000000E+000  0.000000E+000  0.000000E+000  0.000000E+000  0.000000E+000  0.000000E+000  0.000000E+000
    62.500  0.313452E+000  0.857685E-018  0.000000E+000  0.000000E+000  0.000000E+000  0.000000E+000  0.000000E+000  0.000000E+000  0.000000E+000  0.000000E+000  0.686548E+000 -0.857685E-018  0.000000E+000  0.000000E+000  0.000000E+000  0.000000E+000  0.000000E+000  0.000000E+000  0.000000E+000  0.000000E+000  0.000000E+000  0.000000E+000  0.000000E+000  0.000000E+000  0.000000E+000  0.000000E+000  0.000000E+000  0.000000E+000  0.000000E+000  0.000000E+000  0.000000E+000  0.000000E+000
    63.000  0.312746E+000  0.852191E-018  0.000000E+000  0.000000E+000  0.000000E+000  0.000000E+000  0.000000E+000  0.000000E+000  0.000000E+000  0.000000E+000  0.687254E+000 -0.852191E-018  0.000000E+000  0.000000E+000  0.000000E+000  0.000000E+000  0.000000E+000  0.000000E+000  0.000000E+000  0.000000E+000  0.000000E+000  0.000000E+000  0.000000E+000  0.000000E+000  0.000000E+000  0.000000E+000  0.000000E+000  0.000000E+000  0.000000E+000  0.000000E+000  0.000000E+000  0.000000E+000
    63.500  0.312055E+000  0.850504E-018  0.000000E+000  0.000000E+000  0.000000E+000  0.000000E+000  0.000000E+000  0.000000E+000  0.000000E+000  0.000000E+000  0.687945E+000 -0.850504E-018  0.000000E+000  0.000000E+000  0.000000E+000  0.000000E+000  0.000000E+000  0.000000E+000  0.000000E+000  0.000000E+000  0.000000E+000  0.000000E+000  0.000000E+000  0.000000E+000  0.000000E+000  0.000000E+000  0.000000E+000  0.000000E+000  0.000000E+000  0.000000E+000  0.000000E+000  0.000000E+000
    64.000  0.311380E+000  0.853547E-018  0.000000E+000  0.000000E+000  0.000000E+000  0.000000E+000  0.000000E+000  0.000000E+000  0.000000E+000  0.000000E+000  0.688620E+000 -0.853547E-018  0.000000E+000  0.000000E+000  0.000000E+000  0.000000E+000  0.000000E+000  0.000000E+000  0.000000E+000  0.000000E+000  0.000000E+000  0.000000E+000  0.000000E+000  0.000000E+000  0.000000E+000  0.000000E+000  0.000000E+000  0.000000E+000  0.000000E+000  0.000000E+000  0.000000E+000  0.000000E+000
    64.500  0.310720E+000  0.271987E-017  0.000000E+000  0.000000E+000  0.000000E+000  0.000000E+000  0.000000E+000  0.000000E+000  0.000000E+000  0.000000E+000  0.689280E+000 -0.271987E-017  0.000000E+000  0.000000E+000  0.000000E+000  0.000000E+000  0.000000E+000  0.000000E+000  0.000000E+000  0.000000E+000  0.000000E+000  0.000000E+000  0.000000E+000  0.000000E+000  0.000000E+000  0.000000E+000  0.000000E+000  0.000000E+000  0.000000E+000  0.000000E+000  0.000000E+000  0.000000E+000
    65.000  0.310075E+000  0.588433E-017  0.000000E+000  0.000000E+000  0.000000E+000  0.000000E+000  0.000000E+000  0.000000E+000  0.000000E+000  0.000000E+000  0.689925E+000 -0.588433E-017  0.000000E+000  0.000000E+000  0.000000E+000  0.000000E+000  0.000000E+000  0.000000E+000  0.000000E+000  0.000000E+000  0.000000E+000  0.000000E+000  0.000000E+000  0.000000E+000  0.000000E+000  0.000000E+000  0.000000E+000  0.000000E+000  0.000000E+000  0.000000E+000  0.000000E+000  0.000000E+000
    65.500  0.309445E+000  0.162572E-017  0.000000E+000  0.000000E+000  0.000000E+000  0.000000E+000  0.000000E+000  0.000000E+000  0.000000E+000  0.000000E+000  0.690555E+000 -0.162572E-017  0.000000E+000  0.000000E+000  0.000000E+000  0.000000E+000  0.000000E+000  0.000000E+000  0.000000E+000  0.000000E+000  0.000000E+000  0.000000E+000  0.000000E+000  0.000000E+000  0.000000E+000  0.000000E+000  0.000000E+000  0.000000E+000  0.000000E+000  0.000000E+000  0.000000E+000  0.000000E+000
    66.000  0.308829E+000  0.254455E-017  0.000000E+000  0.000000E+000  0.000000E+000  0.000000E+000  0.000000E+000  0.000000E+000  0.000000E+000  0.000000E+000  0.691171E+000 -0.254455E-017  0.000000E+000  0.000000E+000  0.000000E+000  0.000000E+000  0.000000E+000  0.000000E+000  0.000000E+000  0.000000E+000  0.000000E+000  0.000000E+000  0.000000E+000  0.000000E+000  0.000000E+000  0.000000E+000  0.000000E+000  0.000000E+000  0.000000E+000  0.000000E+000  0.000000E+000  0.000000E+000
    66.500  0.308227E+000  0.783308E-017  0.000000E+000  0.000000E+000  0.000000E+000  0.000000E+000  0.000000E+000  0.000000E+000  0.000000E+000  0.000000E+000  0.691773E+000 -0.783308E-017  0.000000E+000  0.000000E+000  0.000000E+000  0.000000E+000  0.000000E+000  0.000000E+000  0.000000E+000  0.000000E+000  0.000000E+000  0.000000E+000  0.000000E+000  0.000000E+000  0.000000E+000  0.000000E+000  0.000000E+000  0.000000E+000  0.000000E+000  0.000000E+000  0.000000E+000  0.000000E+000
    67.000  0.307638E+000  0.731948E-017  0.000000E+000  0.000000E+000  0.000000E+000  0.000000E+000  0.000000E+000  0.000000E+000  0.000000E+000  0.000000E+000  0.692362E+000 -0.731948E-017  0.000000E+000  0.000000E+000  0.000000E+000  0.000000E+000  0.000000E+000  0.000000E+000  0.000000E+000  0.000000E+000  0.000000E+000  0.000000E+000  0.000000E+000  0.000000E+000  0.000000E+000  0.000000E+000  0.000000E+000  0.000000E+000  0.000000E+000  0.000000E+000  0.000000E+000  0.000000E+000
    67.500  0.307063E+000  0.171964E-017  0.000000E+000  0.000000E+000  0.000000E+000  0.000000E+000  0.000000E+000  0.000000E+000  0.000000E+000  0.000000E+000  0.692937E+000 -0.171964E-017  0.000000E+000  0.000000E+000  0.000000E+000  0.000000E+000  0.000000E+000  0.000000E+000  0.000000E+000  0.000000E+000  0.000000E+000  0.000000E+000  0.000000E+000  0.000000E+000  0.000000E+000  0.000000E+000  0.000000E+000  0.000000E+000  0.000000E+000  0.000000E+000  0.000000E+000  0.000000E+000
    68.000  0.306501E+000 -0.375715E-017  0.000000E+000  0.000000E+000  0.000000E+000  0.000000E+000  0.000000E+000  0.000000E+000  0.000000E+000  0.000000E+000  0.693499E+000  0.375715E-017  0.000000E+000  0.000000E+000  0.000000E+000  0.000000E+000  0.000000E+000  0.000000E+000  0.000000E+000  0.000000E+000  0.000000E+000  0.000000E+000  0.000000E+000  0.000000E+000  0.000000E+000  0.000000E+000  0.000000E+000  0.000000E+000  0.000000E+000  0.000000E+000  0.000000E+000  0.000000E+000
    68.500  0.305951E+000 -0.927437E-017  0.000000E+000  0.000000E+000  0.000000E+000  0.000000E+000  0.000000E+000  0.000000E+000  0.000000E+000  0.000000E+000  0.694049E+000  0.927437E-017  0.000000E+000  0.000000E+000  0.000000E+000  0.000000E+000  0.000000E+000  0.000000E+000  0.000000E+000  0.000000E+000  0.000000E+000  0.000000E+000  0.000000E+000  0.000000E+000  0.000000E+000  0.000000E+000  0.000000E+000  0.000000E+000  0.000000E+000  0.000000E+000  0.000000E+000  0.000000E+000
    69.000  0.305414E+000 -0.147909E-016  0.000000E+000  0.000000E+000  0.000000E+000  0.000000E+000  0.000000E+000  0.000000E+000  0.000000E+000  0.000000E+000  0.694586E+000  0.147909E-016  0.000000E+000  0.000000E+000  0.000000E+000  0.000000E+000  0.000000E+000  0.000000E+000  0.000000E+000  0.000000E+000  0.000000E+000  0.000000E+000  0.000000E+000  0.000000E+000  0.000000E+000  0.000000E+000  0.000000E+000  0.000000E+000  0.000000E+000  0.000000E+000  0.000000E+000  0.000000E+000
    69.500  0.304889E+000 -0.203385E-016  0.000000E+000  0.000000E+000  0.000000E+000  0.000000E+000  0.000000E+000  0.000000E+000  0.000000E+000  0.000000E+000  0.695111E+000  0.203385E-016  0.000000E+000  0.000000E+000  0.000000E+000  0.000000E+000  0.000000E+000  0.000000E+000  0.000000E+000  0.000000E+000  0.000000E+000  0.000000E+000  0.000000E+000  0.000000E+000  0.000000E+000  0.000000E+000  0.000000E+000  0.000000E+000  0.000000E+000  0.000000E+000  0.000000E+000  0.000000E+000
    70.000  0.304375E+000 -0.252667E-016  0.000000E+000  0.000000E+000  0.000000E+000  0.000000E+000  0.000000E+000  0.000000E+000  0.000000E+000  0.000000E+000  0.695625E+000  0.252667E-016  0.000000E+000  0.000000E+000  0.000000E+000  0.000000E+000  0.000000E+000  0.000000E+000  0.000000E+000  0.000000E+000  0.000000E+000  0.000000E+000  0.000000E+000  0.000000E+000  0.000000E+000  0.000000E+000  0.000000E+000  0.000000E+000  0.000000E+000  0.000000E+000  0.000000E+000  0.000000E+000
    70.500  0.303874E+000 -0.133537E-016  0.000000E+000  0.000000E+000  0.000000E+000  0.000000E+000  0.000000E+000  0.000000E+000  0.000000E+000  0.000000E+000  0.696126E+000  0.133537E-016  0.000000E+000  0.000000E+000  0.000000E+000  0.000000E+000  0.000000E+000  0.000000E+000  0.000000E+000  0.000000E+000  0.000000E+000  0.000000E+000  0.000000E+000  0.000000E+000  0.000000E+000  0.000000E+000  0.000000E+000  0.000000E+000  0.000000E+000  0.000000E+000  0.000000E+000  0.000000E+000
    71.000  0.303383E+000  0.342744E-017  0.000000E+000  0.000000E+000  0.000000E+000  0.000000E+000  0.000000E+000  0.000000E+000  0.000000E+000  0.000000E+000  0.696617E+000 -0.342744E-017  0.000000E+000  0.000000E+000  0.000000E+000  0.000000E+000  0.000000E+000  0.000000E+000  0.000000E+000  0.000000E+000  0.000000E+000  0.000000E+000  0.000000E+000  0.000000E+000  0.000000E+000  0.000000E+000  0.000000E+000  0.000000E+000  0.000000E+000  0.000000E+000  0.000000E+000  0.000000E+000
    71.500  0.302904E+000  0.163571E-016  0.000000E+000  0.000000E+000  0.000000E+000  0.000000E+000  0.000000E+000  0.000000E+000  0.000000E+000  0.000000E+000  0.697096E+000 -0.163571E-016  0.000000E+000  0.000000E+000  0.000000E+000  0.000000E+000  0.000000E+000  0.000000E+000  0.000000E+000  0.000000E+000  0.000000E+000  0.000000E+000  0.000000E+000  0.000000E+000  0.000000E+000  0.000000E+000  0.000000E+000  0.000000E+000  0.000000E+000  0.000000E+000  0.000000E+000  0.000000E+000
    72.000  0.302435E+000  0.150375E-016  0.000000E+000  0.000000E+000  0.000000E+000  0.000000E+000  0.000000E+000  0.000000E+000  0.000000E+000  0.000000E+000  0.697565E+000 -0.150375E-016  0.000000E+000  0.000000E+000  0.000000E+000  0.000000E+000  0.000000E+000  0.000000E+000  0.000000E+000  0.000000E+000  0.000000E+000  0.000000E+000  0.000000E+000  0.000000E+000  0.000000E+000  0.000000E+000  0.000000E+000  0.000000E+000  0.000000E+000  0.000000E+000  0.000000E+000  0.000000E+000
    72.500  0.301978E+000  0.403399E-017  0.000000E+000  0.000000E+000  0.000000E+000  0.000000E+000  0.000000E+000  0.000000E+000  0.000000E+000  0.000000E+000  0.698022E+000 -0.403399E-017  0.000000E+000  0.000000E+000  0.000000E+000  0.000000E+000  0.000000E+000  0.000000E+000  0.000000E+000  0.000000E+000  0.000000E+000  0.000000E+000  0.000000E+000  0.000000E+000  0.000000E+000  0.000000E+000  0.000000E+000  0.000000E+000  0.000000E+000  0.000000E+000  0.000000E+000  0.000000E+000
    73.000  0.301530E+000 -0.720739E-017  0.000000E+000  0.000000E+000  0.000000E+000  0.000000E+000  0.000000E+000  0.000000E+000  0.000000E+000  0.000000E+000  0.698470E+000  0.720739E-017  0.000000E+000  0.000000E+000  0.000000E+000  0.000000E+000  0.000000E+000  0.000000E+000  0.000000E+000  0.000000E+000  0.000000E+000  0.000000E+000  0.000000E+000  0.000000E+000  0.000000E+000  0.000000E+000  0.000000E+000  0.000000E+000  0.000000E+000  0.000000E+000  0.000000E+000  0.000000E+000
    73.500  0.301093E+000 -0.752233E-017  0.000000E+000  0.000000E+000  0.000000E+000  0.000000E+000  0.000000E+000  0.000000E+000  0.000000E+000  0.000000E+000  0.698907E+000  0.752233E-017  0.000000E+000  0.000000E+000  0.000000E+000  0.000000E+000  0.000000E+000  0.000000E+000  0.000000E+000  0.000000E+000  0.000000E+000  0.000000E+000  0.000000E+000  0.000000E+000  0.000000E+000  0.000000E+000  0.000000E+000  0.000000E+000  0.000000E+000  0.000000E+000  0.000000E+000  0.000000E+000
    74.000  0.300665E+000 -0.202157E-017  0.000000E+000  0.000000E+000  0.000000E+000  0.000000E+000  0.000000E+000  0.000000E+000  0.000000E+000  0.000000E+000  0.699335E+000  0.202157E-017  0.000000E+000  0.000000E+000  0.000000E+000  0.000000E+000  0.000000E+000  0.000000E+000  0.000000E+000  0.000000E+000  0.000000E+000  0.000000E+000  0.000000E+000  0.000000E+000  0.000000E+000  0.000000E+000  0.000000E+000  0.000000E+000  0.000000E+000  0.000000E+000  0.000000E+000  0.000000E+000
    74.500  0.300247E+000  0.513970E-018  0.000000E+000  0.000000E+000  0.000000E+000  0.000000E+000  0.000000E+000  0.000000E+000  0.000000E+000  0.000000E+000  0.699753E+000 -0.513970E-018  0.000000E+000  0.000000E+000  0.000000E+000  0.000000E+000  0.000000E+000  0.000000E+000  0.000000E+000  0.000000E+000  0.000000E+000  0.000000E+000  0.000000E+000  0.000000E+000  0.000000E+000  0.000000E+000  0.000000E+000  0.000000E+000  0.000000E+000  0.000000E+000  0.000000E+000  0.000000E+000
    75.000  0.299838E+000  0.512373E-018  0.000000E+000  0.000000E+000  0.000000E+000  0.000000E+000  0.000000E+000  0.000000E+000  0.000000E+000  0.000000E+000  0.700162E+000 -0.512373E-018  0.000000E+000  0.000000E+000  0.000000E+000  0.000000E+000  0.000000E+000  0.000000E+000  0.000000E+000  0.000000E+000  0.000000E+000  0.000000E+000  0.000000E+000  0.000000E+000  0.000000E+000  0.000000E+000  0.000000E+000  0.000000E+000  0.000000E+000  0.000000E+000  0.000000E+000  0.000000E+000
    75.500  0.299439E+000  0.509690E-018  0.000000E+000  0.000000E+000  0.000000E+000  0.000000E+000  0.000000E+000  0.000000E+000  0.000000E+000  0.000000E+000  0.700561E+000 -0.509690E-018  0.000000E+000  0.000000E+000  0.000000E+000  0.000000E+000  0.000000E+000  0.000000E+000  0.000000E+000  0.000000E+000  0.000000E+000  0.000000E+000  0.000000E+000  0.000000E+000  0.000000E+000  0.000000E+000  0.000000E+000  0.000000E+000  0.000000E+000  0.000000E+000  0.000000E+000  0.000000E+000
    76.000  0.299049E+000  0.509272E-018  0.000000E+000  0.000000E+000  0.000000E+000  0.000000E+000  0.000000E+000  0.000000E+000  0.000000E+000  0.000000E+000  0.700951E+000 -0.509272E-018  0.000000E+000  0.000000E+000  0.000000E+000  0.000000E+000  0.000000E+000  0.000000E+000  0.000000E+000  0.000000E+000  0.000000E+000  0.000000E+000  0.000000E+000  0.000000E+000  0.000000E+000  0.000000E+000  0.000000E+000  0.000000E+000  0.000000E+000  0.000000E+000  0.000000E+000  0.000000E+000
    76.500  0.298667E+000  0.503815E-018  0.000000E+000  0.000000E+000  0.000000E+000  0.000000E+000  0.000000E+000  0.000000E+000  0.000000E+000  0.000000E+000  0.701333E+000 -0.503815E-018  0.000000E+000  0.000000E+000  0.000000E+000  0.000000E+000  0.000000E+000  0.000000E+000  0.000000E+000  0.000000E+000  0.000000E+000  0.000000E+000  0.000000E+000  0.000000E+000  0.000000E+000  0.000000E+000  0.000000E+000  0.000000E+000  0.000000E+000  0.000000E+000  0.000000E+000  0.000000E+000
    77.000  0.298295E+000  0.500074E-018  0.000000E+000  0.000000E+000  0.000000E+000  0.000000E+000  0.000000E+000  0.000000E+000  0.000000E+000  0.000000E+000  0.701705E+000 -0.500074E-018  0.000000E+000  0.000000E+000  0.000000E+000  0.000000E+000  0.000000E+000  0.000000E+000  0.000000E+000  0.000000E+000  0.000000E+000  0.000000E+000  0.000000E+000  0.000000E+000  0.000000E+000  0.000000E+000  0.000000E+000  0.000000E+000  0.000000E+000  0.000000E+000  0.000000E+000  0.000000E+000
    77.500  0.297930E+000  0.497495E-018  0.000000E+000  0.000000E+000  0.000000E+000  0.000000E+000  0.000000E+000  0.000000E+000  0.000000E+000  0.000000E+000  0.702070E+000 -0.497495E-018  0.000000E+000  0.000000E+000  0.000000E+000  0.000000E+000  0.000000E+000  0.000000E+000  0.000000E+000  0.000000E+000  0.000000E+000  0.000000E+000  0.000000E+000  0.000000E+000  0.000000E+000  0.000000E+000  0.000000E+000  0.000000E+000  0.000000E+000  0.000000E+000  0.000000E+000  0.000000E+000
    78.000  0.297574E+000  0.495773E-018  0.000000E+000  0.000000E+000  0.000000E+000  0.000000E+000  0.000000E+000  0.000000E+000  0.000000E+000  0.000000E+000  0.702426E+000 -0.495773E-018  0.000000E+000  0.000000E+000  0.000000E+000  0.000000E+000  0.000000E+000  0.000000E+000  0.000000E+000  0.000000E+000  0.000000E+000  0.000000E+000  0.000000E+000  0.000000E+000  0.000000E+000  0.000000E+000  0.000000E+000  0.000000E+000  0.000000E+000  0.000000E+000  0.000000E+000  0.000000E+000
    78.500  0.297226E+000  0.491724E-018  0.000000E+000  0.000000E+000  0.000000E+000  0.000000E+000  0.000000E+000  0.000000E+000  0.000000E+000  0.000000E+000  0.702774E+000 -0.491724E-018  0.000000E+000  0.000000E+000  0.000000E+000  0.000000E+000  0.000000E+000  0.000000E+000  0.000000E+000  0.000000E+000  0.000000E+000  0.000000E+000  0.000000E+000  0.000000E+000  0.000000E+000  0.000000E+000  0.000000E+000  0.000000E+000  0.000000E+000  0.000000E+000  0.000000E+000  0.000000E+000
    79.000  0.296885E+000  0.489494E-018  0.000000E+000  0.000000E+000  0.000000E+000  0.000000E+000  0.000000E+000  0.000000E+000  0.000000E+000  0.000000E+000  0.703115E+000 -0.489494E-018  0.000000E+000  0.000000E+000  0.000000E+000  0.000000E+000  0.000000E+000  0.000000E+000  0.000000E+000  0.000000E+000  0.000000E+000  0.000000E+000  0.000000E+000  0.000000E+000  0.000000E+000  0.000000E+000  0.000000E+000  0.000000E+000  0.000000E+000  0.000000E+000  0.000000E+000  0.000000E+000
    79.500  0.296553E+000  0.484116E-018  0.000000E+000  0.000000E+000  0.000000E+000  0.000000E+000  0.000000E+000  0.000000E+000  0.000000E+000  0.000000E+000  0.703447E+000 -0.484116E-018  0.000000E+000  0.000000E+000  0.000000E+000  0.000000E+000  0.000000E+000  0.000000E+000  0.000000E+000  0.000000E+000  0.000000E+000  0.000000E+000  0.000000E+000  0.000000E+000  0.000000E+000  0.000000E+000  0.000000E+000  0.000000E+000  0.000000E+000  0.000000E+000  0.000000E+000  0.000000E+000
    80.000  0.296228E+000  0.479913E-018  0.000000E+000  0.000000E+000  0.000000E+000  0.000000E+000  0.000000E+000  0.000000E+000  0.000000E+000  0.000000E+000  0.703772E+000 -0.479913E-018  0.000000E+000  0.000000E+000  0.000000E+000  0.000000E+000  0.000000E+000  0.000000E+000  0.000000E+000  0.000000E+000  0.000000E+000  0.000000E+000  0.000000E+000  0.000000E+000  0.000000E+000  0.000000E+000  0.000000E+000  0.000000E+000  0.000000E+000  0.000000E+000  0.000000E+000  0.000000E+000
    80.500  0.295910E+000  0.474431E-018  0.000000E+000  0.000000E+000  0.000000E+000  0.000000E+000  0.000000E+000  0.000000E+000  0.000000E+000  0.000000E+000  0.704090E+000 -0.474431E-018  0.000000E+000  0.000000E+000  0.000000E+000  0.000000E+000  0.000000E+000  0.000000E+000  0.000000E+000  0.000000E+000  0.000000E+000  0.000000E+000  0.000000E+000  0.000000E+000  0.000000E+000  0.000000E+000  0.000000E+000  0.000000E+000  0.000000E+000  0.000000E+000  0.000000E+000  0.000000E+000
    81.000  0.295599E+000  0.470055E-018  0.000000E+000  0.000000E+000  0.000000E+000  0.000000E+000  0.000000E+000  0.000000E+000  0.000000E+000  0.000000E+000  0.704401E+000 -0.470055E-018  0.000000E+000  0.000000E+000  0.000000E+000  0.000000E+000  0.000000E+000  0.000000E+000  0.000000E+000  0.000000E+000  0.000000E+000  0.000000E+000  0.000000E+000  0.000000E+000  0.000000E+000  0.000000E+000  0.000000E+000  0.000000E+000  0.000000E+000  0.000000E+000  0.000000E+000  0.000000E+000
    81.500  0.295296E+000  0.133702E-017  0.000000E+000  0.000000E+000  0.000000E+000  0.000000E+000  0.000000E+000  0.000000E+000  0.000000E+000  0.000000E+000  0.704704E+000 -0.133702E-017  0.000000E+000  0.000000E+000  0.000000E+000  0.000000E+000  0.000000E+000  0.000000E+000  0.000000E+000  0.000000E+000  0.000000E+000  0.000000E+000  0.000000E+000  0.000000E+000  0.000000E+000  0.000000E+000  0.000000E+000  0.000000E+000  0.000000E+000  0.000000E+000  0.000000E+000  0.000000E+000
    82.000  0.294999E+000  0.702349E-017  0.000000E+000  0.000000E+000  0.000000E+000  0.000000E+000  0.000000E+000  0.000000E+000  0.000000E+000  0.000000E+000  0.705001E+000 -0.702349E-017  0.000000E+000  0.000000E+000  0.000000E+000  0.000000E+000  0.000000E+000  0.000000E+000  0.000000E+000  0.000000E+000  0.000000E+000  0.000000E+000  0.000000E+000  0.000000E+000  0.000000E+000  0.000000E+000  0.000000E+000  0.000000E+000  0.000000E+000  0.000000E+000  0.000000E+000  0.000000E+000
    82.500  0.294709E+000  0.824283E-017  0.000000E+000  0.000000E+000  0.000000E+000  0.000000E+000  0.000000E+000  0.000000E+000  0.000000E+000  0.000000E+000  0.705291E+000 -0.824283E-017  0.000000E+000  0.000000E+000  0.000000E+000  0.000000E+000  0.000000E+000  0.000000E+000  0.000000E+000  0.000000E+000  0.000000E+000  0.000000E+000  0.000000E+000  0.000000E+000  0.000000E+000  0.000000E+000  0.000000E+000  0.000000E+000  0.000000E+000  0.000000E+000  0.000000E+000  0.000000E+000
    83.000  0.294425E+000  0.822106E-017  0.000000E+000  0.000000E+000  0.000000E+000  0.000000E+000  0.000000E+000  0.000000E+000  0.000000E+000  0.000000E+000  0.705575E+000 -0.822106E-017  0.000000E+000  0.000000E+000  0.000000E+000  0.000000E+000  0.000000E+000  0.000000E+000  0.000000E+000  0.000000E+000  0.000000E+000  0.000000E+000  0.000000E+000  0.000000E+000  0.000000E+000  0.000000E+000  0.000000E+000  0.000000E+000  0.000000E+000  0.000000E+000  0.000000E+000  0.000000E+000
    83.500  0.294148E+000  0.527443E-018  0.000000E+000  0.000000E+000  0.000000E+000  0.000000E+000  0.000000E+000  0.000000E+000  0.000000E+000  0.000000E+000  0.705852E+000 -0.527443E-018  0.000000E+000  0.000000E+000  0.000000E+000  0.000000E+000  0.000000E+000  0.000000E+000  0.000000E+000  0.000000E+000  0.000000E+000  0.000000E+000  0.000000E+000  0.000000E+000  0.000000E+000  0.000000E+000  0.000000E+000  0.000000E+000  0.000000E+000  0.000000E+000  0.000000E+000  0.000000E+000
    84.000  0.293877E+000 -0.100016E-016  0.000000E+000  0.000000E+000  0.000000E+000  0.000000E+000  0.000000E+000  0.000000E+000  0.000000E+000  0.000000E+000  0.706123E+000  0.100016E-016  0.000000E+000  0.000000E+000  0.000000E+000  0.000000E+000  0.000000E+000  0.000000E+000  0.000000E+000  0.000000E+000  0.000000E+000  0.000000E+000  0.000000E+000  0.000000E+000  0.000000E+000  0.000000E+000  0.000000E+000  0.000000E+000  0.000000E+000  0.000000E+000  0.000000E+000  0.000000E+000
    84.500  0.293612E+000 -0.611216E-017  0.000000E+000  0.000000E+000  0.000000E+000  0.000000E+000  0.000000E+000  0.000000E+000  0.000000E+000  0.000000E+000  0.706388E+000  0.611216E-017  0.000000E+000  0.000000E+000  0.000000E+000  0.000000E+000  0.000000E+000  0.000000E+000  0.000000E+000  0.000000E+000  0.000000E+000  0.000000E+000  0.000000E+000  0.000000E+000  0.000000E+000  0.000000E+000  0.000000E+000  0.000000E+000  0.000000E+000  0.000000E+000  0.000000E+000  0.000000E+000
    85.000  0.293354E+000  0.351458E-017  0.000000E+000  0.000000E+000  0.000000E+000  0.000000E+000  0.000000E+000  0.000000E+000  0.000000E+000  0.000000E+000  0.706646E+000 -0.351458E-017  0.000000E+000  0.000000E+000  0.000000E+000  0.000000E+000  0.000000E+000  0.000000E+000  0.000000E+000  0.000000E+000  0.000000E+000  0.000000E+000  0.000000E+000  0.000000E+000  0.000000E+000  0.000000E+000  0.000000E+000  0.000000E+000  0.000000E+000  0.000000E+000  0.000000E+000  0.000000E+000
    85.500  0.293101E+000  0.978833E-018  0.000000E+000  0.000000E+000  0.000000E+000  0.000000E+000  0.000000E+000  0.000000E+000  0.000000E+000  0.000000E+000  0.706899E+000 -0.978833E-018  0.000000E+000  0.000000E+000  0.000000E+000  0.000000E+000  0.000000E+000  0.000000E+000  0.000000E+000  0.000000E+000  0.000000E+000  0.000000E+000  0.000000E+000  0.000000E+000  0.000000E+000  0.000000E+000  0.000000E+000  0.000000E+000  0.000000E+000  0.000000E+000  0.000000E+000  0.000000E+000
    86.000  0.292853E+000 -0.458998E-017  0.000000E+000  0.000000E+000  0.000000E+000  0.000000E+000  0.000000E+000  0.000000E+000  0.000000E+000  0.000000E+000  0.707147E+000  0.458998E-017  0.000000E+000  0.000000E+000  0.000000E+000  0.000000E+000  0.000000E+000  0.000000E+000  0.000000E+000  0.000000E+000  0.000000E+000  0.000000E+000  0.000000E+000  0.000000E+000  0.000000E+000  0.000000E+000  0.000000E+000  0.000000E+000  0.000000E+000  0.000000E+000  0.000000E+000  0.000000E+000
    86.500  0.292612E+000 -0.661517E-017  0.000000E+000  0.000000E+000  0.000000E+000  0.000000E+000  0.000000E+000  0.000000E+000  0.000000E+000  0.000000E+000  0.707388E+000  0.661517E-017  0.000000E+000  0.000000E+000  0.000000E+000  0.000000E+000  0.000000E+000  0.000000E+000  0.000000E+000  0.000000E+000  0.000000E+000  0.000000E+000  0.000000E+000  0.000000E+000  0.000000E+000  0.000000E+000  0.000000E+000  0.000000E+000  0.000000E+000  0.000000E+000  0.000000E+000  0.000000E+000
    87.000  0.292376E+000 -0.659887E-017  0.000000E+000  0.000000E+000  0.000000E+000  0.000000E+000  0.000000E+000  0.000000E+000  0.000000E+000  0.000000E+000  0.707624E+000  0.659887E-017  0.000000E+000  0.000000E+000  0.000000E+000  0.000000E+000  0.000000E+000  0.000000E+000  0.000000E+000  0.000000E+000  0.000000E+000  0.000000E+000  0.000000E+000  0.000000E+000  0.000000E+000  0.000000E+000  0.000000E+000  0.000000E+000  0.000000E+000  0.000000E+000  0.000000E+000  0.000000E+000
    87.500  0.292145E+000 -0.658314E-017  0.000000E+000  0.000000E+000  0.000000E+000  0.000000E+000  0.000000E+000  0.000000E+000  0.000000E+000  0.000000E+000  0.707855E+000  0.658314E-017  0.000000E+000  0.000000E+000  0.000000E+000  0.000000E+000  0.000000E+000  0.000000E+000  0.000000E+000  0.000000E+000  0.000000E+000  0.000000E+000  0.000000E+000  0.000000E+000  0.000000E+000  0.000000E+000  0.000000E+000  0.000000E+000  0.000000E+000  0.000000E+000  0.000000E+000  0.000000E+000
    88.000  0.291919E+000 -0.656681E-017  0.000000E+000  0.000000E+000  0.000000E+000  0.000000E+000  0.000000E+000  0.000000E+000  0.000000E+000  0.000000E+000  0.708081E+000  0.656681E-017  0.000000E+000  0.000000E+000  0.000000E+000  0.000000E+000  0.000000E+000  0.000000E+000  0.000000E+000  0.000000E+000  0.000000E+000  0.000000E+000  0.000000E+000  0.000000E+000  0.000000E+000  0.000000E+000  0.000000E+000  0.000000E+000  0.000000E+000  0.000000E+000  0.000000E+000  0.000000E+000
    88.500  0.291698E+000 -0.654511E-017  0.000000E+000  0.000000E+000  0.000000E+000  0.000000E+000  0.000000E+000  0.000000E+000  0.000000E+000  0.000000E+000  0.708302E+000  0.654511E-017  0.000000E+000  0.000000E+000  0.000000E+000  0.000000E+000  0.000000E+000  0.000000E+000  0.000000E+000  0.000000E+000  0.000000E+000  0.000000E+000  0.000000E+000  0.000000E+000  0.000000E+000  0.000000E+000  0.000000E+000  0.000000E+000  0.000000E+000  0.000000E+000  0.000000E+000  0.000000E+000
    89.000  0.291483E+000 -0.652444E-017  0.000000E+000  0.000000E+000  0.000000E+000  0.000000E+000  0.000000E+000  0.000000E+000  0.000000E+000  0.000000E+000  0.708517E+000  0.652444E-017  0.000000E+000  0.000000E+000  0.000000E+000  0.000000E+000  0.000000E+000  0.000000E+000  0.000000E+000  0.000000E+000  0.000000E+000  0.000000E+000  0.000000E+000  0.000000E+000  0.000000E+000  0.000000E+000  0.000000E+000  0.000000E+000  0.000000E+000  0.000000E+000  0.000000E+000  0.000000E+000
    89.500  0.291272E+000 -0.650091E-017  0.000000E+000  0.000000E+000  0.000000E+000  0.000000E+000  0.000000E+000  0.000000E+000  0.000000E+000  0.000000E+000  0.708728E+000  0.650091E-017  0.000000E+000  0.000000E+000  0.000000E+000  0.000000E+000  0.000000E+000  0.000000E+000  0.000000E+000  0.000000E+000  0.000000E+000  0.000000E+000  0.000000E+000  0.000000E+000  0.000000E+000  0.000000E+000  0.000000E+000  0.000000E+000  0.000000E+000  0.000000E+000  0.000000E+000  0.000000E+000
    90.000  0.291066E+000 -0.647769E-017  0.000000E+000  0.000000E+000  0.000000E+000  0.000000E+000  0.000000E+000  0.000000E+000  0.000000E+000  0.000000E+000  0.708934E+000  0.647769E-017  0.000000E+000  0.000000E+000  0.000000E+000  0.000000E+000  0.000000E+000  0.000000E+000  0.000000E+000  0.000000E+000  0.000000E+000  0.000000E+000  0.000000E+000  0.000000E+000  0.000000E+000  0.000000E+000  0.000000E+000  0.000000E+000  0.000000E+000  0.000000E+000  0.000000E+000  0.000000E+000
    90.500  0.290865E+000 -0.522438E-017  0.000000E+000  0.000000E+000  0.000000E+000  0.000000E+000  0.000000E+000  0.000000E+000  0.000000E+000  0.000000E+000  0.709135E+000  0.522438E-017  0.000000E+000  0.000000E+000  0.000000E+000  0.000000E+000  0.000000E+000  0.000000E+000  0.000000E+000  0.000000E+000  0.000000E+000  0.000000E+000  0.000000E+000  0.000000E+000  0.000000E+000  0.000000E+000  0.000000E+000  0.000000E+000  0.000000E+000  0.000000E+000  0.000000E+000  0.000000E+000
    91.000  0.290668E+000  0.257958E-018  0.000000E+000  0.000000E+000  0.000000E+000  0.000000E+000  0.000000E+000  0.000000E+000  0.000000E+000  0.000000E+000  0.709332E+000 -0.257958E-018  0.000000E+000  0.000000E+000  0.000000E+000  0.000000E+000  0.000000E+000  0.000000E+000  0.000000E+000  0.000000E+000  0.000000E+000  0.000000E+000  0.000000E+000  0.000000E+000  0.000000E+000  0.000000E+000  0.000000E+000  0.000000E+000  0.000000E+000  0.000000E+000  0.000000E+000  0.000000E+000
    91.500  0.290476E+000 -0.152292E-017  0.000000E+000  0.000000E+000  0.000000E+000  0.000000E+000  0.000000E+000  0.000000E+000  0.000000E+000  0.000000E+000  0.709524E+000  0.152292E-017  0.000000E+000  0.000000E+000  0.000000E+000  0.000000E+000  0.000000E+000  0.000000E+000  0.000000E+000  0.000000E+000  0.000000E+000  0.000000E+000  0.000000E+000  0.000000E+000  0.000000E+000  0.000000E+000  0.000000E+000  0.000000E+000  0.000000E+000  0.000000E+000  0.000000E+000  0.000000E+000
    92.000  0.290288E+000 -0.694350E-017  0.000000E+000  0.000000E+000  0.000000E+000  0.000000E+000  0.000000E+000  0.000000E+000  0.000000E+000  0.000000E+000  0.709712E+000  0.694350E-017  0.000000E+000  0.000000E+000  0.000000E+000  0.000000E+000  0.000000E+000  0.000000E+000  0.000000E+000  0.000000E+000  0.000000E+000  0.000000E+000  0.000000E+000  0.000000E+000  0.000000E+000  0.000000E+000  0.000000E+000  0.000000E+000  0.000000E+000  0.000000E+000  0.000000E+000  0.000000E+000
    92.500  0.290104E+000 -0.105035E-016  0.000000E+000  0.000000E+000  0.000000E+000  0.000000E+000  0.000000E+000  0.000000E+000  0.000000E+000  0.000000E+000  0.709896E+000  0.105035E-016  0.000000E+000  0.000000E+000  0.000000E+000  0.000000E+000  0.000000E+000  0.000000E+000  0.000000E+000  0.000000E+000  0.000000E+000  0.000000E+000  0.000000E+000  0.000000E+000  0.000000E+000  0.000000E+000  0.000000E+000  0.000000E+000  0.000000E+000  0.000000E+000  0.000000E+000  0.000000E+000
    93.000  0.289924E+000  0.689358E-018  0.000000E+000  0.000000E+000  0.000000E+000  0.000000E+000  0.000000E+000  0.000000E+000  0.000000E+000  0.000000E+000  0.710076E+000 -0.689358E-018  0.000000E+000  0.000000E+000  0.000000E+000  0.000000E+000  0.000000E+000  0.000000E+000  0.000000E+000  0.000000E+000  0.000000E+000  0.000000E+000  0.000000E+000  0.000000E+000  0.000000E+000  0.000000E+000  0.000000E+000  0.000000E+000  0.000000E+000  0.000000E+000  0.000000E+000  0.000000E+000
    93.500  0.289749E+000  0.497612E-017  0.000000E+000  0.000000E+000  0.000000E+000  0.000000E+000  0.000000E+000  0.000000E+000  0.000000E+000  0.000000E+000  0.710251E+000 -0.497612E-017  0.000000E+000  0.000000E+000  0.000000E+000  0.000000E+000  0.000000E+000  0.000000E+000  0.000000E+000  0.000000E+000  0.000000E+000  0.000000E+000  0.000000E+000  0.000000E+000  0.000000E+000  0.000000E+000  0.000000E+000  0.000000E+000  0.000000E+000  0.000000E+000  0.000000E+000  0.000000E+000
    94.000  0.289577E+000 -0.218877E-017  0.000000E+000  0.000000E+000  0.000000E+000  0.000000E+000  0.000000E+000  0.000000E+000  0.000000E+000  0.000000E+000  0.710423E+000  0.218877E-017  0.000000E+000  0.000000E+000  0.000000E+000  0.000000E+000  0.000000E+000  0.000000E+000  0.000000E+000  0.000000E+000  0.000000E+000  0.000000E+000  0.000000E+000  0.000000E+000  0.000000E+000  0.000000E+000  0.000000E+000  0.000000E+000  0.000000E+000  0.000000E+000  0.000000E+000  0.000000E+000
    94.500  0.289409E+000 -0.895937E-017  0.000000E+000  0.000000E+000  0.000000E+000  0.000000E+000  0.000000E+000  0.000000E+000  0.000000E+000  0.000000E+000  0.710591E+000  0.895937E-017  0.000000E+000  0.000000E+000  0.000000E+000  0.000000E+000  0.000000E+000  0.000000E+000  0.000000E+000  0.000000E+000  0.000000E+000  0.000000E+000  0.000000E+000  0.000000E+000  0.000000E+000  0.000000E+000  0.000000E+000  0.000000E+000  0.000000E+000  0.000000E+000  0.000000E+000  0.000000E+000
    95.000  0.289246E+000 -0.409172E-017  0.000000E+000  0.000000E+000  0.000000E+000  0.000000E+000  0.000000E+000  0.000000E+000  0.000000E+000  0.000000E+000  0.710754E+000  0.409172E-017  0.000000E+000  0.000000E+000  0.000000E+000  0.000000E+000  0.000000E+000  0.000000E+000  0.000000E+000  0.000000E+000  0.000000E+000  0.000000E+000  0.000000E+000  0.000000E+000  0.000000E+000  0.000000E+000  0.000000E+000  0.000000E+000  0.000000E+000  0.000000E+000  0.000000E+000  0.000000E+000
    95.500  0.289085E+000  0.103019E-017  0.000000E+000  0.000000E+000  0.000000E+000  0.000000E+000  0.000000E+000  0.000000E+000  0.000000E+000  0.000000E+000  0.710915E+000 -0.103019E-017  0.000000E+000  0.000000E+000  0.000000E+000  0.000000E+000  0.000000E+000  0.000000E+000  0.000000E+000  0.000000E+000  0.000000E+000  0.000000E+000  0.000000E+000  0.000000E+000  0.000000E+000  0.000000E+000  0.000000E+000  0.000000E+000  0.000000E+000  0.000000E+000  0.000000E+000  0.000000E+000
    96.000  0.288929E+000 -0.456222E-017  0.000000E+000  0.000000E+000  0.000000E+000  0.000000E+000  0.000000E+000  0.000000E+000  0.000000E+000  0.000000E+000  0.711071E+000  0.456222E-017  0.000000E+000  0.000000E+000  0.000000E+000  0.000000E+000  0.000000E+000  0.000000E+000  0.000000E+000  0.000000E+000  0.000000E+000  0.000000E+000  0.000000E+000  0.000000E+000  0.000000E+000  0.000000E+000  0.000000E+000  0.000000E+000  0.000000E+000  0.000000E+000  0.000000E+000  0.000000E+000
    96.500  0.288776E+000 -0.100255E-016  0.000000E+000  0.000000E+000  0.000000E+000  0.000000E+000  0.000000E+000  0.000000E+000  0.000000E+000  0.000000E+000  0.711224E+000  0.100255E-016  0.000000E+000  0.000000E+000  0.000000E+000  0.000000E+000  0.000000E+000  0.000000E+000  0.000000E+000  0.000000E+000  0.000000E+000  0.000000E+000  0.000000E+000  0.000000E+000  0.000000E+000  0.000000E+000  0.000000E+000  0.000000E+000  0.000000E+000  0.000000E+000  0.000000E+000  0.000000E+000
    97.000  0.288626E+000 -0.155229E-016  0.000000E+000  0.000000E+000  0.000000E+000  0.000000E+000  0.000000E+000  0.000000E+000  0.000000E+000  0.000000E+000  0.711374E+000  0.155229E-016  0.000000E+000  0.000000E+000  0.000000E+000  0.000000E+000  0.000000E+000  0.000000E+000  0.000000E+000  0.000000E+000  0.000000E+000  0.000000E+000  0.000000E+000  0.000000E+000  0.000000E+000  0.000000E+000  0.000000E+000  0.000000E+000  0.000000E+000  0.000000E+000  0.000000E+000  0.000000E+000
    97.500  0.288480E+000 -0.190222E-016  0.000000E+000  0.000000E+000  0.000000E+000  0.000000E+000  0.000000E+000  0.000000E+000  0.000000E+000  0.000000E+000  0.711520E+000  0.190222E-016  0.000000E+000  0.000000E+000  0.000000E+000  0.000000E+000  0.000000E+000  0.000000E+000  0.000000E+000  0.000000E+000  0.000000E+000  0.000000E+000  0.000000E+000  0.000000E+000  0.000000E+000  0.000000E+000  0.000000E+000  0.000000E+000  0.000000E+000  0.000000E+000  0.000000E+000  0.000000E+000
    98.000  0.288337E+000 -0.189706E-016  0.000000E+000  0.000000E+000  0.000000E+000  0.000000E+000  0.000000E+000  0.000000E+000  0.000000E+000  0.000000E+000  0.711663E+000  0.189706E-016  0.000000E+000  0.000000E+000  0.000000E+000  0.000000E+000  0.000000E+000  0.000000E+000  0.000000E+000  0.000000E+000  0.000000E+000  0.000000E+000  0.000000E+000  0.000000E+000  0.000000E+000  0.000000E+000  0.000000E+000  0.000000E+000  0.000000E+000  0.000000E+000  0.000000E+000  0.000000E+000
    98.500  0.288197E+000 -0.905820E-017  0.000000E+000  0.000000E+000  0.000000E+000  0.000000E+000  0.000000E+000  0.000000E+000  0.000000E+000  0.000000E+000  0.711803E+000  0.905820E-017  0.000000E+000  0.000000E+000  0.000000E+000  0.000000E+000  0.000000E+000  0.000000E+000  0.000000E+000  0.000000E+000  0.000000E+000  0.000000E+000  0.000000E+000  0.000000E+000  0.000000E+000  0.000000E+000  0.000000E+000  0.000000E+000  0.000000E+000  0.000000E+000  0.000000E+000  0.000000E+000
    99.000  0.288060E+000 -0.348560E-017  0.000000E+000  0.000000E+000  0.000000E+000  0.000000E+000  0.000000E+000  0.000000E+000  0.000000E+000  0.000000E+000  0.711940E+000  0.348560E-017  0.000000E+000  0.000000E+000  0.000000E+000  0.000000E+000  0.000000E+000  0.000000E+000  0.000000E+000  0.000000E+000  0.000000E+000  0.000000E+000  0.000000E+000  0.000000E+000  0.000000E+000  0.000000E+000  0.000000E+000  0.000000E+000  0.000000E+000  0.000000E+000  0.000000E+000  0.000000E+000
    99.500  0.287927E+000  0.139435E-017  0.000000E+000  0.000000E+000  0.000000E+000  0.000000E+000  0.000000E+000  0.000000E+000  0.000000E+000  0.000000E+000  0.712073E+000 -0.139435E-017  0.000000E+000  0.000000E+000  0.000000E+000  0.000000E+000  0.000000E+000  0.000000E+000  0.000000E+000  0.000000E+000  0.000000E+000  0.000000E+000  0.000000E+000  0.000000E+000  0.000000E+000  0.000000E+000  0.000000E+000  0.000000E+000  0.000000E+000  0.000000E+000  0.000000E+000  0.000000E+000
   100.000  0.287796E+000 -0.163738E-017  0.000000E+000  0.000000E+000  0.000000E+000  0.000000E+000  0.000000E+000  0.000000E+000  0.000000E+000  0.000000E+000  0.712204E+000  0.163738E-017  0.000000E+000  0.000000E+000  0.000000E+000  0.000000E+000  0.000000E+000  0.000000E+000  0.000000E+000  0.000000E+000  0.000000E+000  0.000000E+000  0.000000E+000  0.000000E+000  0.000000E+000  0.000000E+000  0.000000E+000  0.000000E+000  0.000000E+000  0.000000E+000  0.000000E+000  0.000000E+000
