     0.000  0.500000       -0.00000        0.00000     
     0.500  0.452584       0.190835       0.358938E-001
     1.000  0.347934       0.426276       0.125284     
     1.500  0.254005       0.557892       0.199877     
     2.000  0.212883       0.599550       0.219496     
     2.500  0.221434       0.591594       0.189876     
     3.000  0.250816       0.561437       0.141462     
     3.500  0.273617       0.534869       0.101823     
     4.000  0.277103       0.530551       0.829216E-001
     4.500  0.262351       0.548354       0.827124E-001
     5.000  0.237628       0.575524       0.922582E-001
     5.500  0.212109       0.600253       0.102161     
     6.000  0.192090       0.617418       0.106274     
     6.500  0.179704       0.627092       0.102797     
     7.000  0.173537       0.631645       0.934686E-001
     7.500  0.170292       0.633972       0.817756E-001
     8.000  0.166637       0.636534       0.710731E-001
     8.500  0.160523       0.640688       0.633110E-001
     9.000  0.151606       0.646447       0.586796E-001
     9.500  0.140886       0.652907       0.560579E-001
    10.000  0.129888       0.659015       0.538628E-001
    10.500  0.119880       0.664123       0.508396E-001
    11.000  0.111419       0.668109       0.464843E-001
    11.500  0.104332       0.671216       0.410276E-001
    12.000  0.980078E-001  0.673811       0.351173E-001
    12.500  0.917821E-001  0.676203       0.294213E-001
    13.000  0.852290E-001  0.678548       0.243434E-001
    13.500  0.782630E-001  0.680846       0.199364E-001
    14.000  0.710677E-001  0.683012       0.159889E-001
    14.500  0.639337E-001  0.684950       0.121955E-001
    15.000  0.571026E-001  0.686612       0.831311E-002
    15.500  0.506797E-001  0.688001       0.424276E-002
    16.000  0.446311E-001  0.689158       0.259856E-004
    16.500  0.388391E-001  0.690127      -0.421621E-002
    17.000  0.331756E-001  0.690944      -0.835838E-002
    17.500  0.275569E-001  0.691628      -0.123243E-001
    18.000  0.219628E-001  0.692182      -0.161033E-001
    18.500  0.164243E-001  0.692608      -0.197349E-001
    19.000  0.109929E-001  0.692905      -0.232770E-001
    19.500  0.571198E-002  0.693082      -0.267762E-001
    20.000  0.599668E-003  0.693146      -0.302529E-001
    20.500 -0.435193E-002  0.693109      -0.337008E-001
    21.000 -0.916669E-002  0.692979      -0.370986E-001
    21.500 -0.138708E-001  0.692762      -0.404235E-001
    22.000 -0.184825E-001  0.692464      -0.436618E-001
    22.500 -0.230077E-001  0.692088      -0.468121E-001
    23.000 -0.274430E-001  0.691640      -0.498823E-001
    23.500 -0.317807E-001  0.691126      -0.528843E-001
    24.000 -0.360144E-001  0.690551      -0.558279E-001
    24.500 -0.401423E-001  0.689921      -0.587180E-001
    25.000 -0.441676E-001  0.689241      -0.615543E-001
    25.500 -0.480963E-001  0.688514      -0.643340E-001
    26.000 -0.519351E-001  0.687743      -0.670536E-001
    26.500 -0.556890E-001  0.686932      -0.697114E-001
    27.000 -0.593608E-001  0.686083      -0.723079E-001
    27.500 -0.629515E-001  0.685200      -0.748455E-001
    28.000 -0.664611E-001  0.684287      -0.773273E-001
    28.500 -0.698899E-001  0.683346      -0.797560E-001
    29.000 -0.732390E-001  0.682381      -0.821333E-001
    29.500 -0.765102E-001  0.681393      -0.844602E-001
    30.000 -0.797061E-001  0.680387      -0.867369E-001
    30.500 -0.828293E-001  0.679362      -0.889636E-001
    31.000 -0.858819E-001  0.678322      -0.911407E-001
    31.500 -0.888659E-001  0.677269      -0.932691E-001
    32.000 -0.917826E-001  0.676203      -0.953501E-001
    32.500 -0.946332E-001  0.675128      -0.973850E-001
    33.000 -0.974189E-001  0.674044      -0.993750E-001
    33.500 -0.100141       0.672954      -0.101321     
    34.000 -0.102801       0.671859      -0.103225     
    34.500 -0.105401       0.670761      -0.105086     
    35.000 -0.107942       0.669660      -0.106906     
    35.500 -0.110425       0.668558      -0.108685     
    36.000 -0.112852       0.667455      -0.110425     
    36.500 -0.115224       0.666354      -0.112126     
    37.000 -0.117542       0.665254      -0.113789     
    37.500 -0.119808       0.664158      -0.115415     
    38.000 -0.122023       0.663065      -0.117004     
    38.500 -0.124187       0.661977      -0.118558     
    39.000 -0.126303       0.660894      -0.120078     
    39.500 -0.128370       0.659817      -0.121563     
    40.000 -0.130391       0.658747      -0.123015     
    40.500 -0.132366       0.657684      -0.124435     
    41.000 -0.134296       0.656629      -0.125822     
    41.500 -0.136183       0.655583      -0.127179     
    42.000 -0.138027       0.654545      -0.128505     
    42.500 -0.139830       0.653516      -0.129802     
    43.000 -0.141591       0.652497      -0.131069     
    43.500 -0.143313       0.651488      -0.132308     
    44.000 -0.144996       0.650489      -0.133519     
    44.500 -0.146641       0.649501      -0.134703     
    45.000 -0.148248       0.648524      -0.135860     
    45.500 -0.149820       0.647558      -0.136992     
    46.000 -0.151356       0.646603      -0.138098     
    46.500 -0.152857       0.645660      -0.139179     
    47.000 -0.154324       0.644729      -0.140235     
    47.500 -0.155758       0.643809      -0.141268     
    48.000 -0.157160       0.642901      -0.142278     
    48.500 -0.158530       0.642006      -0.143265     
    49.000 -0.159869       0.641122      -0.144230     
    49.500 -0.161178       0.640251      -0.145173     
    50.000 -0.162457       0.639392      -0.146095     
    50.500 -0.163707       0.638546      -0.146996     
    51.000 -0.164930       0.637711      -0.147876     
    51.500 -0.166124       0.636890      -0.148737     
    52.000 -0.167292       0.636080      -0.149579     
    52.500 -0.168433       0.635283      -0.150401     
    53.000 -0.169548       0.634498      -0.151205     
    53.500 -0.170639       0.633725      -0.151991     
    54.000 -0.171704       0.632965      -0.152760     
    54.500 -0.172746       0.632217      -0.153510     
    55.000 -0.173764       0.631481      -0.154244     
    55.500 -0.174759       0.630757      -0.154962     
    56.000 -0.175732       0.630045      -0.155663     
    56.500 -0.176682       0.629345      -0.156349     
    57.000 -0.177612       0.628657      -0.157019     
    57.500 -0.178520       0.627980      -0.157673     
    58.000 -0.179408       0.627315      -0.158314     
    58.500 -0.180275       0.626662      -0.158939     
    59.000 -0.181123       0.626020      -0.159551     
    59.500 -0.181952       0.625389      -0.160149     
    60.000 -0.182763       0.624769      -0.160733     
    60.500 -0.183555       0.624161      -0.161304     
    61.000 -0.184329       0.623563      -0.161862     
    61.500 -0.185085       0.622977      -0.162408     
    62.000 -0.185825       0.622401      -0.162941     
    62.500 -0.186548       0.621835      -0.163463     
    63.000 -0.187254       0.621280      -0.163972     
    63.500 -0.187945       0.620735      -0.164470     
    64.000 -0.188620       0.620200      -0.164957     
    64.500 -0.189280       0.619676      -0.165433     
    65.000 -0.189925       0.619161      -0.165898     
    65.500 -0.190555       0.618656      -0.166353     
    66.000 -0.191171       0.618160      -0.166797     
    66.500 -0.191773       0.617675      -0.167231     
    67.000 -0.192362       0.617198      -0.167656     
    67.500 -0.192937       0.616730      -0.168071     
    68.000 -0.193499       0.616272      -0.168476     
    68.500 -0.194049       0.615822      -0.168873     
    69.000 -0.194586       0.615382      -0.169260     
    69.500 -0.195111       0.614950      -0.169639     
    70.000 -0.195625       0.614526      -0.170009     
    70.500 -0.196126       0.614111      -0.170371     
    71.000 -0.196617       0.613704      -0.170725     
    71.500 -0.197096       0.613305      -0.171070     
    72.000 -0.197565       0.612914      -0.171408     
    72.500 -0.198022       0.612531      -0.171739     
    73.000 -0.198470       0.612155      -0.172061     
    73.500 -0.198907       0.611787      -0.172377     
    74.000 -0.199335       0.611427      -0.172685     
    74.500 -0.199753       0.611073      -0.172987     
    75.000 -0.200162       0.610727      -0.173282     
    75.500 -0.200561       0.610388      -0.173570     
    76.000 -0.200951       0.610056      -0.173851     
    76.500 -0.201333       0.609731      -0.174126     
    77.000 -0.201705       0.609412      -0.174395     
    77.500 -0.202070       0.609100      -0.174658     
    78.000 -0.202426       0.608795      -0.174915     
    78.500 -0.202774       0.608495      -0.175166     
    79.000 -0.203115       0.608202      -0.175412     
    79.500 -0.203447       0.607915      -0.175652     
    80.000 -0.203772       0.607634      -0.175886     
    80.500 -0.204090       0.607359      -0.176115     
    81.000 -0.204401       0.607089      -0.176339     
    81.500 -0.204704       0.606825      -0.176558     
    82.000 -0.205001       0.606567      -0.176773     
    82.500 -0.205291       0.606314      -0.176982     
    83.000 -0.205575       0.606066      -0.177186     
    83.500 -0.205852       0.605824      -0.177386     
    84.000 -0.206123       0.605587      -0.177582     
    84.500 -0.206388       0.605355      -0.177773     
    85.000 -0.206646       0.605127      -0.177959     
    85.500 -0.206899       0.604905      -0.178142     
    86.000 -0.207147       0.604687      -0.178320     
    86.500 -0.207388       0.604474      -0.178494     
    87.000 -0.207624       0.604265      -0.178665     
    87.500 -0.207855       0.604061      -0.178831     
    88.000 -0.208081       0.603861      -0.178994     
    88.500 -0.208302       0.603665      -0.179153     
    89.000 -0.208517       0.603474      -0.179309     
    89.500 -0.208728       0.603287      -0.179461     
    90.000 -0.208934       0.603104      -0.179609     
    90.500 -0.209135       0.602924      -0.179755     
    91.000 -0.209332       0.602749      -0.179896     
    91.500 -0.209524       0.602577      -0.180035     
    92.000 -0.209712       0.602409      -0.180171     
    92.500 -0.209896       0.602245      -0.180303     
    93.000 -0.210076       0.602084      -0.180433     
    93.500 -0.210251       0.601927      -0.180560     
    94.000 -0.210423       0.601773      -0.180683     
    94.500 -0.210591       0.601622      -0.180804     
    95.000 -0.210754       0.601475      -0.180923     
    95.500 -0.210915       0.601331      -0.181038     
    96.000 -0.211071       0.601190      -0.181151     
    96.500 -0.211224       0.601052      -0.181262     
    97.000 -0.211374       0.600917      -0.181369     
    97.500 -0.211520       0.600785      -0.181475     
    98.000 -0.211663       0.600656      -0.181578     
    98.500 -0.211803       0.600529      -0.181679     
    99.000 -0.211940       0.600406      -0.181777     
    99.500 -0.212073       0.600285      -0.181874     
   100.000 -0.212204       0.600167      -0.181968     
