     0.000 T   0.100000E+01   0.000000E+00
     0.100 T   0.100000E+01   0.000000E+00
     0.200 T   0.100000E+01   0.000000E+00
     0.300 T   0.100000E+01   0.000000E+00
     0.400 T   0.100000E+01   0.000000E+00
     0.500 T   0.100000E+01   0.000000E+00
     0.600 T   0.100000E+01   0.000000E+00
     0.700 T   0.100000E+01   0.000000E+00
     0.800 T   0.100000E+01   0.000000E+00
     0.900 T   0.100000E+01   0.000000E+00
     1.000 T   0.100000E+01   0.000000E+00
     1.100 T   0.100000E+01   0.000000E+00
     1.200 T   0.100000E+01   0.000000E+00
     1.300 T   0.100000E+01   0.000000E+00
     1.400 T   0.100000E+01   0.000000E+00
     1.500 T   0.100000E+01   0.000000E+00
     1.600 T   0.100000E+01   0.000000E+00
     1.700 T   0.100000E+01   0.000000E+00
     1.800 T   0.100000E+01   0.000000E+00
     1.900 T   0.100000E+01   0.000000E+00
     2.000 T   0.100000E+01   0.000000E+00
     2.100 T   0.100000E+01   0.000000E+00
     2.200 T   0.100000E+01   0.000000E+00
     2.300 T   0.100000E+01   0.000000E+00
     2.400 T   0.100000E+01   0.000000E+00
     2.500 T   0.100000E+01   0.000000E+00
     2.600 T   0.100000E+01   0.000000E+00
     2.700 T   0.100000E+01   0.000000E+00
     2.800 T   0.100000E+01   0.000000E+00
     2.900 T   0.100000E+01   0.000000E+00
     3.000 T   0.100000E+01   0.000000E+00
     3.100 T   0.100000E+01   0.000000E+00
     3.200 T   0.100000E+01   0.000000E+00
     3.300 T   0.100000E+01   0.000000E+00
     3.400 T   0.100000E+01   0.000000E+00
     3.500 T   0.100000E+01   0.000000E+00
     3.600 T   0.100000E+01   0.000000E+00
     3.700 T   0.100000E+01   0.000000E+00
     3.800 T   0.100000E+01   0.000000E+00
     3.900 T   0.100000E+01   0.000000E+00
     4.000 T   0.100000E+01   0.000000E+00
     4.100 T   0.100000E+01   0.000000E+00
     4.200 T   0.100000E+01   0.000000E+00
     4.300 T   0.100000E+01   0.000000E+00
     4.400 T   0.100000E+01   0.000000E+00
     4.500 T   0.100000E+01   0.000000E+00
     4.600 T   0.100000E+01   0.000000E+00
     4.700 T   0.100000E+01   0.000000E+00
     4.800 T   0.100000E+01   0.000000E+00
     4.900 T   0.100000E+01   0.000000E+00
     5.000 T   0.100000E+01   0.000000E+00
     5.100 T   0.100000E+01   0.000000E+00
     5.200 T   0.100000E+01   0.000000E+00
     5.300 T   0.100000E+01   0.000000E+00
     5.400 T   0.100000E+01   0.000000E+00
     5.500 T   0.100000E+01   0.000000E+00
     5.600 T   0.100000E+01   0.000000E+00
     5.700 T   0.100000E+01   0.000000E+00
     5.800 T   0.100000E+01   0.000000E+00
     5.900 T   0.100000E+01   0.000000E+00
     6.000 T   0.100000E+01   0.000000E+00
     6.100 T   0.100000E+01   0.000000E+00
     6.200 T   0.100000E+01   0.000000E+00
     6.300 T   0.100000E+01   0.000000E+00
     6.400 T   0.100000E+01   0.000000E+00
     6.500 T   0.100000E+01   0.000000E+00
     6.600 T   0.100000E+01   0.000000E+00
     6.700 T   0.100000E+01   0.000000E+00
     6.800 T   0.100000E+01   0.000000E+00
     6.900 T   0.100000E+01   0.000000E+00
     7.000 T   0.100000E+01   0.000000E+00
     7.100 T   0.100000E+01   0.000000E+00
     7.200 T   0.100000E+01   0.000000E+00
     7.300 T   0.100000E+01   0.000000E+00
     7.400 T   0.100000E+01   0.000000E+00
     7.500 T   0.100000E+01   0.000000E+00
     7.600 T   0.100000E+01   0.000000E+00
     7.700 T   0.100000E+01   0.000000E+00
     7.800 T   0.100000E+01   0.000000E+00
     7.900 T   0.100000E+01   0.000000E+00
     8.000 T   0.100000E+01   0.000000E+00
     8.100 T   0.100000E+01   0.000000E+00
     8.200 T   0.100000E+01   0.000000E+00
     8.300 T   0.100000E+01   0.000000E+00
     8.400 T   0.100000E+01   0.000000E+00
     8.500 T   0.100000E+01   0.000000E+00
     8.600 T   0.100000E+01   0.000000E+00
     8.700 T   0.100000E+01   0.000000E+00
     8.800 T   0.100000E+01   0.000000E+00
     8.900 T   0.100000E+01   0.000000E+00
     9.000 T   0.100000E+01   0.000000E+00
     9.100 T   0.100000E+01   0.000000E+00
     9.200 T   0.100000E+01   0.000000E+00
     9.300 T   0.100000E+01   0.000000E+00
     9.400 T   0.100000E+01   0.000000E+00
     9.500 T   0.100000E+01   0.000000E+00
     9.600 T   0.100000E+01   0.000000E+00
     9.700 T   0.100000E+01   0.000000E+00
     9.800 T   0.100000E+01   0.000000E+00
     9.900 T   0.100000E+01   0.000000E+00
    10.000 T   0.100000E+01   0.000000E+00
    10.100 T   0.100000E+01   0.000000E+00
    10.200 T   0.100000E+01   0.000000E+00
    10.300 T   0.100000E+01   0.000000E+00
    10.400 T   0.100000E+01   0.000000E+00
    10.500 T   0.100000E+01   0.000000E+00
    10.600 T   0.100000E+01   0.000000E+00
    10.700 T   0.100000E+01   0.000000E+00
    10.800 T   0.100000E+01   0.000000E+00
    10.900 T   0.100000E+01   0.000000E+00
    11.000 T   0.100000E+01   0.000000E+00
    11.100 T   0.100000E+01   0.000000E+00
    11.200 T   0.100000E+01   0.000000E+00
    11.300 T   0.100000E+01   0.000000E+00
    11.400 T   0.100000E+01   0.000000E+00
    11.500 T   0.100000E+01   0.000000E+00
    11.600 T   0.100000E+01   0.000000E+00
    11.700 T   0.100000E+01   0.000000E+00
    11.800 T   0.100000E+01   0.000000E+00
    11.900 T   0.100000E+01   0.000000E+00
    12.000 T   0.100000E+01   0.000000E+00
    12.100 T   0.100000E+01   0.000000E+00
    12.200 T   0.100000E+01   0.000000E+00
    12.300 T   0.100000E+01   0.000000E+00
    12.400 T   0.100000E+01   0.000000E+00
    12.500 T   0.100000E+01   0.000000E+00
    12.600 T   0.100000E+01   0.000000E+00
    12.700 T   0.100000E+01   0.000000E+00
    12.800 T   0.100000E+01   0.000000E+00
    12.900 T   0.100000E+01   0.000000E+00
    13.000 T   0.100000E+01   0.000000E+00
    13.100 T   0.100000E+01   0.000000E+00
    13.200 T   0.100000E+01   0.000000E+00
    13.300 T   0.100000E+01   0.000000E+00
    13.400 T   0.100000E+01   0.000000E+00
    13.500 T   0.100000E+01   0.000000E+00
    13.600 T   0.100000E+01   0.000000E+00
    13.700 T   0.100000E+01   0.000000E+00
    13.800 T   0.100000E+01   0.000000E+00
    13.900 T   0.100000E+01   0.000000E+00
    14.000 T   0.100000E+01   0.000000E+00
    14.100 T   0.100000E+01   0.000000E+00
    14.200 T   0.100000E+01   0.000000E+00
    14.300 T   0.100000E+01   0.000000E+00
    14.400 T   0.100000E+01   0.000000E+00
    14.500 T   0.100000E+01   0.000000E+00
    14.600 T   0.100000E+01   0.000000E+00
    14.700 T   0.100000E+01   0.000000E+00
    14.800 T   0.100000E+01   0.000000E+00
    14.900 T   0.100000E+01   0.000000E+00
    15.000 T   0.100000E+01   0.000000E+00
    15.100 T   0.100000E+01   0.000000E+00
    15.200 T   0.100000E+01   0.000000E+00
    15.300 T   0.100000E+01   0.000000E+00
    15.400 T   0.100000E+01   0.000000E+00
    15.500 T   0.100000E+01   0.000000E+00
    15.600 T   0.100000E+01   0.000000E+00
    15.700 T   0.100000E+01   0.000000E+00
    15.800 T   0.100000E+01   0.000000E+00
    15.900 T   0.100000E+01   0.000000E+00
    16.000 T   0.100000E+01   0.000000E+00
    16.100 T   0.100000E+01   0.000000E+00
    16.200 T   0.100000E+01   0.000000E+00
    16.300 T   0.100000E+01   0.000000E+00
    16.400 T   0.100000E+01   0.000000E+00
    16.500 T   0.100000E+01   0.000000E+00
    16.600 T   0.100000E+01   0.000000E+00
    16.700 T   0.100000E+01   0.000000E+00
    16.800 T   0.100000E+01   0.000000E+00
    16.900 T   0.100000E+01   0.000000E+00
    17.000 T   0.100000E+01   0.000000E+00
    17.100 T   0.100000E+01   0.000000E+00
    17.200 T   0.100000E+01   0.000000E+00
    17.300 T   0.100000E+01   0.000000E+00
    17.400 T   0.100000E+01   0.000000E+00
    17.500 T   0.100000E+01   0.000000E+00
    17.600 T   0.100000E+01   0.000000E+00
    17.700 T   0.100000E+01   0.000000E+00
    17.800 T   0.100000E+01   0.000000E+00
    17.900 T   0.100000E+01   0.000000E+00
    18.000 T   0.100000E+01   0.000000E+00
    18.100 T   0.100000E+01   0.000000E+00
    18.200 T   0.100000E+01   0.000000E+00
    18.300 T   0.100000E+01   0.000000E+00
    18.400 T   0.100000E+01   0.000000E+00
    18.500 T   0.100000E+01   0.000000E+00
    18.600 T   0.100000E+01   0.000000E+00
    18.700 T   0.100000E+01   0.000000E+00
    18.800 T   0.100000E+01   0.000000E+00
    18.900 T   0.100000E+01   0.000000E+00
    19.000 T   0.100000E+01   0.000000E+00
    19.100 T   0.100000E+01   0.000000E+00
    19.200 T   0.100000E+01   0.000000E+00
    19.300 T   0.100000E+01   0.000000E+00
    19.400 T   0.100000E+01   0.000000E+00
    19.500 T   0.100000E+01   0.000000E+00
    19.600 T   0.100000E+01   0.000000E+00
    19.700 T   0.100000E+01   0.000000E+00
    19.800 T   0.100000E+01   0.000000E+00
    19.900 T   0.100000E+01   0.000000E+00
    20.000 T   0.100000E+01   0.000000E+00
    20.100 T   0.100000E+01   0.000000E+00
    20.200 T   0.100000E+01   0.000000E+00
    20.300 T   0.100000E+01   0.000000E+00
    20.400 T   0.100000E+01   0.000000E+00
    20.500 T   0.100000E+01   0.000000E+00
    20.600 T   0.100000E+01   0.000000E+00
    20.700 T   0.100000E+01   0.000000E+00
    20.800 T   0.100000E+01   0.000000E+00
    20.900 T   0.100000E+01   0.000000E+00
    21.000 T   0.100000E+01   0.000000E+00
    21.100 T   0.100000E+01   0.000000E+00
    21.200 T   0.100000E+01   0.000000E+00
    21.300 T   0.100000E+01   0.000000E+00
    21.400 T   0.100000E+01   0.000000E+00
    21.500 T   0.100000E+01   0.000000E+00
    21.600 T   0.100000E+01   0.000000E+00
    21.700 T   0.100000E+01   0.000000E+00
    21.800 T   0.100000E+01   0.000000E+00
    21.900 T   0.100000E+01   0.000000E+00
    22.000 T   0.100000E+01   0.000000E+00
    22.100 T   0.100000E+01   0.000000E+00
    22.200 T   0.100000E+01   0.000000E+00
    22.300 T   0.100000E+01   0.000000E+00
    22.400 T   0.100000E+01   0.000000E+00
    22.500 T   0.100000E+01   0.000000E+00
    22.600 T   0.100000E+01   0.000000E+00
    22.700 T   0.100000E+01   0.000000E+00
    22.800 T   0.100000E+01   0.000000E+00
    22.900 T   0.100000E+01   0.000000E+00
    23.000 T   0.100000E+01   0.000000E+00
    23.100 T   0.100000E+01   0.000000E+00
    23.200 T   0.100000E+01   0.000000E+00
    23.300 T   0.100000E+01   0.000000E+00
    23.400 T   0.100000E+01   0.000000E+00
    23.500 T   0.100000E+01   0.000000E+00
    23.600 T   0.100000E+01   0.000000E+00
    23.700 T   0.100000E+01   0.000000E+00
    23.800 T   0.100000E+01   0.000000E+00
    23.900 T   0.100000E+01   0.000000E+00
    24.000 T   0.100000E+01   0.000000E+00
    24.100 T   0.100000E+01   0.000000E+00
    24.200 T   0.100000E+01   0.000000E+00
    24.300 T   0.100000E+01   0.000000E+00
    24.400 T   0.100000E+01   0.000000E+00
    24.500 T   0.100000E+01   0.000000E+00
    24.600 T   0.100000E+01   0.000000E+00
    24.700 T   0.100000E+01   0.000000E+00
    24.800 T   0.100000E+01   0.000000E+00
    24.900 T   0.100000E+01   0.000000E+00
    25.000 T   0.100000E+01   0.000000E+00
    25.100 T   0.100000E+01   0.000000E+00
    25.200 T   0.100000E+01   0.000000E+00
    25.300 T   0.100000E+01   0.000000E+00
    25.400 T   0.100000E+01   0.000000E+00
    25.500 T   0.100000E+01   0.000000E+00
    25.600 T   0.100000E+01   0.000000E+00
    25.700 T   0.100000E+01   0.000000E+00
    25.800 T   0.100000E+01   0.000000E+00
    25.900 T   0.100000E+01   0.000000E+00
    26.000 T   0.100000E+01   0.000000E+00
    26.100 T   0.100000E+01   0.000000E+00
    26.200 T   0.100000E+01   0.000000E+00
    26.300 T   0.100000E+01   0.000000E+00
    26.400 T   0.100000E+01   0.000000E+00
    26.500 T   0.100000E+01   0.000000E+00
    26.600 T   0.100000E+01   0.000000E+00
    26.700 T   0.100000E+01   0.000000E+00
    26.800 T   0.100000E+01   0.000000E+00
    26.900 T   0.100000E+01   0.000000E+00
    27.000 T   0.100000E+01   0.000000E+00
    27.100 T   0.100000E+01   0.000000E+00
    27.200 T   0.100000E+01   0.000000E+00
    27.300 T   0.100000E+01   0.000000E+00
    27.400 T   0.100000E+01   0.000000E+00
    27.500 T   0.100000E+01   0.000000E+00
    27.600 T   0.100000E+01   0.000000E+00
    27.700 T   0.100000E+01   0.000000E+00
    27.800 T   0.100000E+01   0.000000E+00
    27.900 T   0.100000E+01   0.000000E+00
    28.000 T   0.100000E+01   0.000000E+00
    28.100 T   0.100000E+01   0.000000E+00
    28.200 T   0.100000E+01   0.000000E+00
    28.300 T   0.100000E+01   0.000000E+00
    28.400 T   0.100000E+01   0.000000E+00
    28.500 T   0.100000E+01   0.000000E+00
    28.600 T   0.100000E+01   0.000000E+00
    28.700 T   0.100000E+01   0.000000E+00
    28.800 T   0.100000E+01   0.000000E+00
    28.900 T   0.100000E+01   0.000000E+00
    29.000 T   0.100000E+01   0.000000E+00
    29.100 T   0.100000E+01   0.000000E+00
    29.200 T   0.100000E+01   0.000000E+00
    29.300 T   0.100000E+01   0.000000E+00
    29.400 T   0.100000E+01   0.000000E+00
    29.500 T   0.100000E+01   0.000000E+00
    29.600 T   0.100000E+01   0.000000E+00
    29.700 T   0.100000E+01   0.000000E+00
    29.800 T   0.100000E+01   0.000000E+00
    29.900 T   0.100000E+01   0.000000E+00
    30.000 T   0.100000E+01   0.000000E+00
    30.100 T   0.100000E+01   0.000000E+00
    30.200 T   0.100000E+01   0.000000E+00
    30.300 T   0.100000E+01   0.000000E+00
    30.400 T   0.100000E+01   0.000000E+00
    30.500 T   0.100000E+01   0.000000E+00
    30.600 T   0.100000E+01   0.000000E+00
    30.700 T   0.100000E+01   0.000000E+00
    30.800 T   0.100000E+01   0.000000E+00
    30.900 T   0.100000E+01   0.000000E+00
    31.000 T   0.100000E+01   0.000000E+00
    31.100 T   0.100000E+01   0.000000E+00
    31.200 T   0.100000E+01   0.000000E+00
    31.300 T   0.100000E+01   0.000000E+00
    31.400 T   0.100000E+01   0.000000E+00
    31.500 T   0.100000E+01   0.000000E+00
    31.600 T   0.100000E+01   0.000000E+00
    31.700 T   0.100000E+01   0.000000E+00
    31.800 T   0.100000E+01   0.000000E+00
    31.900 T   0.100000E+01   0.000000E+00
    32.000 T   0.100000E+01   0.000000E+00
    32.100 T   0.100000E+01   0.000000E+00
    32.200 T   0.100000E+01   0.000000E+00
    32.300 T   0.100000E+01   0.000000E+00
    32.400 T   0.100000E+01   0.000000E+00
    32.500 T   0.100000E+01   0.000000E+00
    32.600 T   0.100000E+01   0.000000E+00
    32.700 T   0.100000E+01   0.000000E+00
    32.800 T   0.100000E+01   0.000000E+00
    32.900 T   0.100000E+01   0.000000E+00
    33.000 T   0.100000E+01   0.000000E+00
    33.100 T   0.100000E+01   0.000000E+00
    33.200 T   0.100000E+01   0.000000E+00
    33.300 T   0.100000E+01   0.000000E+00
    33.400 T   0.100000E+01   0.000000E+00
    33.500 T   0.100000E+01   0.000000E+00
    33.600 T   0.100000E+01   0.000000E+00
    33.700 T   0.100000E+01   0.000000E+00
    33.800 T   0.100000E+01   0.000000E+00
    33.900 T   0.100000E+01   0.000000E+00
    34.000 T   0.100000E+01   0.000000E+00
    34.100 T   0.100000E+01   0.000000E+00
    34.200 T   0.100000E+01   0.000000E+00
    34.300 T   0.100000E+01   0.000000E+00
    34.400 T   0.100000E+01   0.000000E+00
    34.500 T   0.100000E+01   0.000000E+00
    34.600 T   0.100000E+01   0.000000E+00
    34.700 T   0.100000E+01   0.000000E+00
    34.800 T   0.100000E+01   0.000000E+00
    34.900 T   0.100000E+01   0.000000E+00
    35.000 T   0.100000E+01   0.000000E+00
    35.100 T   0.100000E+01   0.000000E+00
    35.200 T   0.100000E+01   0.000000E+00
    35.300 T   0.100000E+01   0.000000E+00
    35.400 T   0.100000E+01   0.000000E+00
    35.500 T   0.100000E+01   0.000000E+00
    35.600 T   0.100000E+01   0.000000E+00
    35.700 T   0.100000E+01   0.000000E+00
    35.800 T   0.100000E+01   0.000000E+00
    35.900 T   0.100000E+01   0.000000E+00
    36.000 T   0.100000E+01   0.000000E+00
    36.100 T   0.100000E+01   0.000000E+00
    36.200 T   0.100000E+01   0.000000E+00
    36.300 T   0.100000E+01   0.000000E+00
    36.400 T   0.100000E+01   0.000000E+00
    36.500 T   0.100000E+01   0.000000E+00
    36.600 T   0.100000E+01   0.000000E+00
    36.700 T   0.100000E+01   0.000000E+00
    36.800 T   0.100000E+01   0.000000E+00
    36.900 T   0.100000E+01   0.000000E+00
    37.000 T   0.100000E+01   0.000000E+00
    37.100 T   0.100000E+01   0.000000E+00
    37.200 T   0.100000E+01   0.000000E+00
    37.300 T   0.100000E+01   0.000000E+00
    37.400 T   0.100000E+01   0.000000E+00
    37.500 T   0.100000E+01   0.000000E+00
    37.600 T   0.100000E+01   0.000000E+00
    37.700 T   0.100000E+01   0.000000E+00
    37.800 T   0.100000E+01   0.000000E+00
    37.900 T   0.100000E+01   0.000000E+00
    38.000 T   0.100000E+01   0.000000E+00
    38.100 T   0.100000E+01   0.000000E+00
    38.200 T   0.100000E+01   0.000000E+00
    38.300 T   0.100000E+01   0.000000E+00
    38.400 T   0.100000E+01   0.000000E+00
    38.500 T   0.100000E+01   0.000000E+00
    38.600 T   0.100000E+01   0.000000E+00
    38.700 T   0.100000E+01   0.000000E+00
    38.800 T   0.100000E+01   0.000000E+00
    38.900 T   0.100000E+01   0.000000E+00
    39.000 T   0.100000E+01   0.000000E+00
    39.100 T   0.100000E+01   0.000000E+00
    39.200 T   0.100000E+01   0.000000E+00
    39.300 T   0.100000E+01   0.000000E+00
    39.400 T   0.100000E+01   0.000000E+00
    39.500 T   0.100000E+01   0.000000E+00
    39.600 T   0.100000E+01   0.000000E+00
    39.700 T   0.100000E+01   0.000000E+00
    39.800 T   0.100000E+01   0.000000E+00
    39.900 T   0.100000E+01   0.000000E+00
    40.000 T   0.100000E+01   0.000000E+00
    40.100 T   0.100000E+01   0.000000E+00
    40.200 T   0.100000E+01   0.000000E+00
    40.300 T   0.100000E+01   0.000000E+00
    40.400 T   0.100000E+01   0.000000E+00
    40.500 T   0.100000E+01   0.000000E+00
    40.600 T   0.100000E+01   0.000000E+00
    40.700 T   0.100000E+01   0.000000E+00
    40.800 T   0.100000E+01   0.000000E+00
    40.900 T   0.100000E+01   0.000000E+00
    41.000 T   0.100000E+01   0.000000E+00
    41.100 T   0.100000E+01   0.000000E+00
    41.200 T   0.100000E+01   0.000000E+00
    41.300 T   0.100000E+01   0.000000E+00
    41.400 T   0.100000E+01   0.000000E+00
    41.500 T   0.100000E+01   0.000000E+00
    41.600 T   0.100000E+01   0.000000E+00
    41.700 T   0.100000E+01   0.000000E+00
    41.800 T   0.100000E+01   0.000000E+00
    41.900 T   0.100000E+01   0.000000E+00
    42.000 T   0.100000E+01   0.000000E+00
    42.100 T   0.100000E+01   0.000000E+00
    42.200 T   0.100000E+01   0.000000E+00
    42.300 T   0.100000E+01   0.000000E+00
    42.400 T   0.100000E+01   0.000000E+00
    42.500 T   0.100000E+01   0.000000E+00
    42.600 T   0.100000E+01   0.000000E+00
    42.700 T   0.100000E+01   0.000000E+00
    42.800 T   0.100000E+01   0.000000E+00
    42.900 T   0.100000E+01   0.000000E+00
    43.000 T   0.100000E+01   0.000000E+00
    43.100 T   0.100000E+01   0.000000E+00
    43.200 T   0.100000E+01   0.000000E+00
    43.300 T   0.100000E+01   0.000000E+00
    43.400 T   0.100000E+01   0.000000E+00
    43.500 T   0.100000E+01   0.000000E+00
    43.600 T   0.100000E+01   0.000000E+00
    43.700 T   0.100000E+01   0.000000E+00
    43.800 T   0.100000E+01   0.000000E+00
    43.900 T   0.100000E+01   0.000000E+00
    44.000 T   0.100000E+01   0.000000E+00
    44.100 T   0.100000E+01   0.000000E+00
    44.200 T   0.100000E+01   0.000000E+00
    44.300 T   0.100000E+01   0.000000E+00
    44.400 T   0.100000E+01   0.000000E+00
    44.500 T   0.100000E+01   0.000000E+00
    44.600 T   0.100000E+01   0.000000E+00
    44.700 T   0.100000E+01   0.000000E+00
    44.800 T   0.100000E+01   0.000000E+00
    44.900 T   0.100000E+01   0.000000E+00
    45.000 T   0.100000E+01   0.000000E+00
    45.100 T   0.100000E+01   0.000000E+00
    45.200 T   0.100000E+01   0.000000E+00
    45.300 T   0.100000E+01   0.000000E+00
    45.400 T   0.100000E+01   0.000000E+00
    45.500 T   0.100000E+01   0.000000E+00
    45.600 T   0.100000E+01   0.000000E+00
    45.700 T   0.100000E+01   0.000000E+00
    45.800 T   0.100000E+01   0.000000E+00
    45.900 T   0.100000E+01   0.000000E+00
    46.000 T   0.100000E+01   0.000000E+00
    46.100 T   0.100000E+01   0.000000E+00
    46.200 T   0.100000E+01   0.000000E+00
    46.300 T   0.100000E+01   0.000000E+00
    46.400 T   0.100000E+01   0.000000E+00
    46.500 T   0.100000E+01   0.000000E+00
    46.600 T   0.100000E+01   0.000000E+00
    46.700 T   0.100000E+01   0.000000E+00
    46.800 T   0.100000E+01   0.000000E+00
    46.900 T   0.100000E+01   0.000000E+00
    47.000 T   0.100000E+01   0.000000E+00
    47.100 T   0.100000E+01   0.000000E+00
    47.200 T   0.100000E+01   0.000000E+00
    47.300 T   0.100000E+01   0.000000E+00
    47.400 T   0.100000E+01   0.000000E+00
    47.500 T   0.100000E+01   0.000000E+00
    47.600 T   0.100000E+01   0.000000E+00
    47.700 T   0.100000E+01   0.000000E+00
    47.800 T   0.100000E+01   0.000000E+00
    47.900 T   0.100000E+01   0.000000E+00
    48.000 T   0.100000E+01   0.000000E+00
    48.100 T   0.100000E+01   0.000000E+00
    48.200 T   0.100000E+01   0.000000E+00
    48.300 T   0.100000E+01   0.000000E+00
    48.400 T   0.100000E+01   0.000000E+00
    48.500 T   0.100000E+01   0.000000E+00
    48.600 T   0.100000E+01   0.000000E+00
    48.700 T   0.100000E+01   0.000000E+00
    48.800 T   0.100000E+01   0.000000E+00
    48.900 T   0.100000E+01   0.000000E+00
    49.000 T   0.100000E+01   0.000000E+00
    49.100 T   0.100000E+01   0.000000E+00
    49.200 T   0.100000E+01   0.000000E+00
    49.300 T   0.100000E+01   0.000000E+00
    49.400 T   0.100000E+01   0.000000E+00
    49.500 T   0.100000E+01   0.000000E+00
    49.600 T   0.100000E+01   0.000000E+00
    49.700 T   0.100000E+01   0.000000E+00
    49.800 T   0.100000E+01   0.000000E+00
    49.900 T   0.100000E+01   0.000000E+00
    50.000 T   0.100000E+01   0.000000E+00
    50.100 T   0.100000E+01   0.000000E+00
    50.200 T   0.100000E+01   0.000000E+00
    50.300 T   0.100000E+01   0.000000E+00
    50.400 T   0.100000E+01   0.000000E+00
    50.500 T   0.100000E+01   0.000000E+00
    50.600 T   0.100000E+01   0.000000E+00
    50.700 T   0.100000E+01   0.000000E+00
    50.800 T   0.100000E+01   0.000000E+00
    50.900 T   0.100000E+01   0.000000E+00
    51.000 T   0.100000E+01   0.000000E+00
    51.100 T   0.100000E+01   0.000000E+00
    51.200 T   0.100000E+01   0.000000E+00
    51.300 T   0.100000E+01   0.000000E+00
    51.400 T   0.100000E+01   0.000000E+00
    51.500 T   0.100000E+01   0.000000E+00
    51.600 T   0.100000E+01   0.000000E+00
    51.700 T   0.100000E+01   0.000000E+00
    51.800 T   0.100000E+01   0.000000E+00
    51.900 T   0.100000E+01   0.000000E+00
    52.000 T   0.100000E+01   0.000000E+00
    52.100 T   0.100000E+01   0.000000E+00
    52.200 T   0.100000E+01   0.000000E+00
    52.300 T   0.100000E+01   0.000000E+00
    52.400 T   0.100000E+01   0.000000E+00
    52.500 T   0.100000E+01   0.000000E+00
    52.600 T   0.100000E+01   0.000000E+00
    52.700 T   0.100000E+01   0.000000E+00
    52.800 T   0.100000E+01   0.000000E+00
    52.900 T   0.100000E+01   0.000000E+00
    53.000 T   0.100000E+01   0.000000E+00
    53.100 T   0.100000E+01   0.000000E+00
    53.200 T   0.100000E+01   0.000000E+00
    53.300 T   0.100000E+01   0.000000E+00
    53.400 T   0.100000E+01   0.000000E+00
    53.500 T   0.100000E+01   0.000000E+00
    53.600 T   0.100000E+01   0.000000E+00
    53.700 T   0.100000E+01   0.000000E+00
    53.800 T   0.100000E+01   0.000000E+00
    53.900 T   0.100000E+01   0.000000E+00
    54.000 T   0.100000E+01   0.000000E+00
    54.100 T   0.100000E+01   0.000000E+00
    54.200 T   0.100000E+01   0.000000E+00
    54.300 T   0.100000E+01   0.000000E+00
    54.400 T   0.100000E+01   0.000000E+00
    54.500 T   0.100000E+01   0.000000E+00
    54.600 T   0.100000E+01   0.000000E+00
    54.700 T   0.100000E+01   0.000000E+00
    54.800 T   0.100000E+01   0.000000E+00
    54.900 T   0.100000E+01   0.000000E+00
    55.000 T   0.100000E+01   0.000000E+00
    55.100 T   0.100000E+01   0.000000E+00
    55.200 T   0.100000E+01   0.000000E+00
    55.300 T   0.100000E+01   0.000000E+00
    55.400 T   0.100000E+01   0.000000E+00
    55.500 T   0.100000E+01   0.000000E+00
    55.600 T   0.100000E+01   0.000000E+00
    55.700 T   0.100000E+01   0.000000E+00
    55.800 T   0.100000E+01   0.000000E+00
    55.900 T   0.100000E+01   0.000000E+00
    56.000 T   0.100000E+01   0.000000E+00
    56.100 T   0.100000E+01   0.000000E+00
    56.200 T   0.100000E+01   0.000000E+00
    56.300 T   0.100000E+01   0.000000E+00
    56.400 T   0.100000E+01   0.000000E+00
    56.500 T   0.100000E+01   0.000000E+00
    56.600 T   0.100000E+01   0.000000E+00
    56.700 T   0.100000E+01   0.000000E+00
    56.800 T   0.100000E+01   0.000000E+00
    56.900 T   0.100000E+01   0.000000E+00
    57.000 T   0.100000E+01   0.000000E+00
    57.100 T   0.100000E+01   0.000000E+00
    57.200 T   0.100000E+01   0.000000E+00
    57.300 T   0.100000E+01   0.000000E+00
    57.400 T   0.100000E+01   0.000000E+00
    57.500 T   0.100000E+01   0.000000E+00
    57.600 T   0.100000E+01   0.000000E+00
    57.700 T   0.100000E+01   0.000000E+00
    57.800 T   0.100000E+01   0.000000E+00
    57.900 T   0.100000E+01   0.000000E+00
    58.000 T   0.100000E+01   0.000000E+00
    58.100 T   0.100000E+01   0.000000E+00
    58.200 T   0.100000E+01   0.000000E+00
    58.300 T   0.100000E+01   0.000000E+00
    58.400 T   0.100000E+01   0.000000E+00
    58.500 T   0.100000E+01   0.000000E+00
    58.600 T   0.100000E+01   0.000000E+00
    58.700 T   0.100000E+01   0.000000E+00
    58.800 T   0.100000E+01   0.000000E+00
    58.900 T   0.100000E+01   0.000000E+00
    59.000 T   0.100000E+01   0.000000E+00
    59.100 T   0.100000E+01   0.000000E+00
    59.200 T   0.100000E+01   0.000000E+00
    59.300 T   0.100000E+01   0.000000E+00
    59.400 T   0.100000E+01   0.000000E+00
    59.500 T   0.100000E+01   0.000000E+00
    59.600 T   0.100000E+01   0.000000E+00
    59.700 T   0.100000E+01   0.000000E+00
    59.800 T   0.100000E+01   0.000000E+00
    59.900 T   0.100000E+01   0.000000E+00
    60.000 T   0.100000E+01   0.000000E+00
    60.100 T   0.100000E+01   0.000000E+00
    60.200 T   0.100000E+01   0.000000E+00
    60.300 T   0.100000E+01   0.000000E+00
    60.400 T   0.100000E+01   0.000000E+00
    60.500 T   0.100000E+01   0.000000E+00
    60.600 T   0.100000E+01   0.000000E+00
    60.700 T   0.100000E+01   0.000000E+00
    60.800 T   0.100000E+01   0.000000E+00
    60.900 T   0.100000E+01   0.000000E+00
    61.000 T   0.100000E+01   0.000000E+00
    61.100 T   0.100000E+01   0.000000E+00
    61.200 T   0.100000E+01   0.000000E+00
    61.300 T   0.100000E+01   0.000000E+00
    61.400 T   0.100000E+01   0.000000E+00
    61.500 T   0.100000E+01   0.000000E+00
    61.600 T   0.100000E+01   0.000000E+00
    61.700 T   0.100000E+01   0.000000E+00
    61.800 T   0.100000E+01   0.000000E+00
    61.900 T   0.100000E+01   0.000000E+00
    62.000 T   0.100000E+01   0.000000E+00
    62.100 T   0.100000E+01   0.000000E+00
    62.200 T   0.100000E+01   0.000000E+00
    62.300 T   0.100000E+01   0.000000E+00
    62.400 T   0.100000E+01   0.000000E+00
    62.500 T   0.100000E+01   0.000000E+00
    62.600 T   0.100000E+01   0.000000E+00
    62.700 T   0.100000E+01   0.000000E+00
    62.800 T   0.100000E+01   0.000000E+00
    62.900 T   0.100000E+01   0.000000E+00
    63.000 T   0.100000E+01   0.000000E+00
    63.100 T   0.100000E+01   0.000000E+00
    63.200 T   0.100000E+01   0.000000E+00
    63.300 T   0.100000E+01   0.000000E+00
    63.400 T   0.100000E+01   0.000000E+00
    63.500 T   0.100000E+01   0.000000E+00
    63.600 T   0.100000E+01   0.000000E+00
    63.700 T   0.100000E+01   0.000000E+00
    63.800 T   0.100000E+01   0.000000E+00
    63.900 T   0.100000E+01   0.000000E+00
    64.000 T   0.100000E+01   0.000000E+00
    64.100 T   0.100000E+01   0.000000E+00
    64.200 T   0.100000E+01   0.000000E+00
    64.300 T   0.100000E+01   0.000000E+00
    64.400 T   0.100000E+01   0.000000E+00
    64.500 T   0.100000E+01   0.000000E+00
    64.600 T   0.100000E+01   0.000000E+00
    64.700 T   0.100000E+01   0.000000E+00
    64.800 T   0.100000E+01   0.000000E+00
    64.900 T   0.100000E+01   0.000000E+00
    65.000 T   0.100000E+01   0.000000E+00
    65.100 T   0.100000E+01   0.000000E+00
    65.200 T   0.100000E+01   0.000000E+00
    65.300 T   0.100000E+01   0.000000E+00
    65.400 T   0.100000E+01   0.000000E+00
    65.500 T   0.100000E+01   0.000000E+00
    65.600 T   0.100000E+01   0.000000E+00
    65.700 T   0.100000E+01   0.000000E+00
    65.800 T   0.100000E+01   0.000000E+00
    65.900 T   0.100000E+01   0.000000E+00
    66.000 T   0.100000E+01   0.000000E+00
    66.100 T   0.100000E+01   0.000000E+00
    66.200 T   0.100000E+01   0.000000E+00
    66.300 T   0.100000E+01   0.000000E+00
    66.400 T   0.100000E+01   0.000000E+00
    66.500 T   0.100000E+01   0.000000E+00
    66.600 T   0.100000E+01   0.000000E+00
    66.700 T   0.100000E+01   0.000000E+00
    66.800 T   0.100000E+01   0.000000E+00
    66.900 T   0.100000E+01   0.000000E+00
    67.000 T   0.100000E+01   0.000000E+00
    67.100 T   0.100000E+01   0.000000E+00
    67.200 T   0.100000E+01   0.000000E+00
    67.300 T   0.100000E+01   0.000000E+00
    67.400 T   0.100000E+01   0.000000E+00
    67.500 T   0.100000E+01   0.000000E+00
    67.600 T   0.100000E+01   0.000000E+00
    67.700 T   0.100000E+01   0.000000E+00
    67.800 T   0.100000E+01   0.000000E+00
    67.900 T   0.100000E+01   0.000000E+00
    68.000 T   0.100000E+01   0.000000E+00
    68.100 T   0.100000E+01   0.000000E+00
    68.200 T   0.100000E+01   0.000000E+00
    68.300 T   0.100000E+01   0.000000E+00
    68.400 T   0.100000E+01   0.000000E+00
    68.500 T   0.100000E+01   0.000000E+00
    68.600 T   0.100000E+01   0.000000E+00
    68.700 T   0.100000E+01   0.000000E+00
    68.800 T   0.100000E+01   0.000000E+00
    68.900 T   0.100000E+01   0.000000E+00
    69.000 T   0.100000E+01   0.000000E+00
    69.100 T   0.100000E+01   0.000000E+00
    69.200 T   0.100000E+01   0.000000E+00
    69.300 T   0.100000E+01   0.000000E+00
    69.400 T   0.100000E+01   0.000000E+00
    69.500 T   0.100000E+01   0.000000E+00
    69.600 T   0.100000E+01   0.000000E+00
    69.700 T   0.100000E+01   0.000000E+00
    69.800 T   0.100000E+01   0.000000E+00
    69.900 T   0.100000E+01   0.000000E+00
    70.000 T   0.100000E+01   0.000000E+00
    70.100 T   0.100000E+01   0.000000E+00
    70.200 T   0.100000E+01   0.000000E+00
    70.300 T   0.100000E+01   0.000000E+00
    70.400 T   0.100000E+01   0.000000E+00
    70.500 T   0.100000E+01   0.000000E+00
    70.600 T   0.100000E+01   0.000000E+00
    70.700 T   0.100000E+01   0.000000E+00
    70.800 T   0.100000E+01   0.000000E+00
    70.900 T   0.100000E+01   0.000000E+00
    71.000 T   0.100000E+01   0.000000E+00
    71.100 T   0.100000E+01   0.000000E+00
    71.200 T   0.100000E+01   0.000000E+00
    71.300 T   0.100000E+01   0.000000E+00
    71.400 T   0.100000E+01   0.000000E+00
    71.500 T   0.100000E+01   0.000000E+00
    71.600 T   0.100000E+01   0.000000E+00
    71.700 T   0.100000E+01   0.000000E+00
    71.800 T   0.100000E+01   0.000000E+00
    71.900 T   0.100000E+01   0.000000E+00
    72.000 T   0.100000E+01   0.000000E+00
    72.100 T   0.100000E+01   0.000000E+00
    72.200 T   0.100000E+01   0.000000E+00
    72.300 T   0.100000E+01   0.000000E+00
    72.400 T   0.100000E+01   0.000000E+00
    72.500 T   0.100000E+01   0.000000E+00
    72.600 T   0.100000E+01   0.000000E+00
    72.700 T   0.100000E+01   0.000000E+00
    72.800 T   0.100000E+01   0.000000E+00
    72.900 T   0.100000E+01   0.000000E+00
    73.000 T   0.100000E+01   0.000000E+00
    73.100 T   0.100000E+01   0.000000E+00
    73.200 T   0.100000E+01   0.000000E+00
    73.300 T   0.100000E+01   0.000000E+00
    73.400 T   0.100000E+01   0.000000E+00
    73.500 T   0.100000E+01   0.000000E+00
    73.600 T   0.100000E+01   0.000000E+00
    73.700 T   0.100000E+01   0.000000E+00
    73.800 T   0.100000E+01   0.000000E+00
    73.900 T   0.100000E+01   0.000000E+00
    74.000 T   0.100000E+01   0.000000E+00
    74.100 T   0.100000E+01   0.000000E+00
    74.200 T   0.100000E+01   0.000000E+00
    74.300 T   0.100000E+01   0.000000E+00
    74.400 T   0.100000E+01   0.000000E+00
    74.500 T   0.100000E+01   0.000000E+00
    74.600 T   0.100000E+01   0.000000E+00
    74.700 T   0.100000E+01   0.000000E+00
    74.800 T   0.100000E+01   0.000000E+00
    74.900 T   0.100000E+01   0.000000E+00
    75.000 T   0.100000E+01   0.000000E+00
    75.100 T   0.100000E+01   0.000000E+00
    75.200 T   0.100000E+01   0.000000E+00
    75.300 T   0.100000E+01   0.000000E+00
    75.400 T   0.100000E+01   0.000000E+00
    75.500 T   0.100000E+01   0.000000E+00
    75.600 T   0.100000E+01   0.000000E+00
    75.700 T   0.100000E+01   0.000000E+00
    75.800 T   0.100000E+01   0.000000E+00
    75.900 T   0.100000E+01   0.000000E+00
    76.000 T   0.100000E+01   0.000000E+00
    76.100 T   0.100000E+01   0.000000E+00
    76.200 T   0.100000E+01   0.000000E+00
    76.300 T   0.100000E+01   0.000000E+00
    76.400 T   0.100000E+01   0.000000E+00
    76.500 T   0.100000E+01   0.000000E+00
    76.600 T   0.100000E+01   0.000000E+00
    76.700 T   0.100000E+01   0.000000E+00
    76.800 T   0.100000E+01   0.000000E+00
    76.900 T   0.100000E+01   0.000000E+00
    77.000 T   0.100000E+01   0.000000E+00
    77.100 T   0.100000E+01   0.000000E+00
    77.200 T   0.100000E+01   0.000000E+00
    77.300 T   0.100000E+01   0.000000E+00
    77.400 T   0.100000E+01   0.000000E+00
    77.500 T   0.100000E+01   0.000000E+00
    77.600 T   0.100000E+01   0.000000E+00
    77.700 T   0.100000E+01   0.000000E+00
    77.800 T   0.100000E+01   0.000000E+00
    77.900 T   0.100000E+01   0.000000E+00
    78.000 T   0.100000E+01   0.000000E+00
    78.100 T   0.100000E+01   0.000000E+00
    78.200 T   0.100000E+01   0.000000E+00
    78.300 T   0.100000E+01   0.000000E+00
    78.400 T   0.100000E+01   0.000000E+00
    78.500 T   0.100000E+01   0.000000E+00
    78.600 T   0.100000E+01   0.000000E+00
    78.700 T   0.100000E+01   0.000000E+00
    78.800 T   0.100000E+01   0.000000E+00
    78.900 T   0.100000E+01   0.000000E+00
    79.000 T   0.100000E+01   0.000000E+00
    79.100 T   0.100000E+01   0.000000E+00
    79.200 T   0.100000E+01   0.000000E+00
    79.300 T   0.100000E+01   0.000000E+00
    79.400 T   0.100000E+01   0.000000E+00
    79.500 T   0.100000E+01   0.000000E+00
    79.600 T   0.100000E+01   0.000000E+00
    79.700 T   0.100000E+01   0.000000E+00
    79.800 T   0.100000E+01   0.000000E+00
    79.900 T   0.100000E+01   0.000000E+00
    80.000 T   0.100000E+01   0.000000E+00
    80.100 T   0.100000E+01   0.000000E+00
    80.200 T   0.100000E+01   0.000000E+00
    80.300 T   0.100000E+01   0.000000E+00
    80.400 T   0.100000E+01   0.000000E+00
    80.500 T   0.100000E+01   0.000000E+00
    80.600 T   0.100000E+01   0.000000E+00
    80.700 T   0.100000E+01   0.000000E+00
    80.800 T   0.100000E+01   0.000000E+00
    80.900 T   0.100000E+01   0.000000E+00
    81.000 T   0.100000E+01   0.000000E+00
    81.100 T   0.100000E+01   0.000000E+00
    81.200 T   0.100000E+01   0.000000E+00
    81.300 T   0.100000E+01   0.000000E+00
    81.400 T   0.100000E+01   0.000000E+00
    81.500 T   0.100000E+01   0.000000E+00
    81.600 T   0.100000E+01   0.000000E+00
    81.700 T   0.100000E+01   0.000000E+00
    81.800 T   0.100000E+01   0.000000E+00
    81.900 T   0.100000E+01   0.000000E+00
    82.000 T   0.100000E+01   0.000000E+00
    82.100 T   0.100000E+01   0.000000E+00
    82.200 T   0.100000E+01   0.000000E+00
    82.300 T   0.100000E+01   0.000000E+00
    82.400 T   0.100000E+01   0.000000E+00
    82.500 T   0.100000E+01   0.000000E+00
    82.600 T   0.100000E+01   0.000000E+00
    82.700 T   0.100000E+01   0.000000E+00
    82.800 T   0.100000E+01   0.000000E+00
    82.900 T   0.100000E+01   0.000000E+00
    83.000 T   0.100000E+01   0.000000E+00
    83.100 T   0.100000E+01   0.000000E+00
    83.200 T   0.100000E+01   0.000000E+00
    83.300 T   0.100000E+01   0.000000E+00
    83.400 T   0.100000E+01   0.000000E+00
    83.500 T   0.100000E+01   0.000000E+00
    83.600 T   0.100000E+01   0.000000E+00
    83.700 T   0.100000E+01   0.000000E+00
    83.800 T   0.100000E+01   0.000000E+00
    83.900 T   0.100000E+01   0.000000E+00
    84.000 T   0.100000E+01   0.000000E+00
    84.100 T   0.100000E+01   0.000000E+00
    84.200 T   0.100000E+01   0.000000E+00
    84.300 T   0.100000E+01   0.000000E+00
    84.400 T   0.100000E+01   0.000000E+00
    84.500 T   0.100000E+01   0.000000E+00
    84.600 T   0.100000E+01   0.000000E+00
    84.700 T   0.100000E+01   0.000000E+00
    84.800 T   0.100000E+01   0.000000E+00
    84.900 T   0.100000E+01   0.000000E+00
    85.000 T   0.100000E+01   0.000000E+00
    85.100 T   0.100000E+01   0.000000E+00
    85.200 T   0.100000E+01   0.000000E+00
    85.300 T   0.100000E+01   0.000000E+00
    85.400 T   0.100000E+01   0.000000E+00
    85.500 T   0.100000E+01   0.000000E+00
    85.600 T   0.100000E+01   0.000000E+00
    85.700 T   0.100000E+01   0.000000E+00
    85.800 T   0.100000E+01   0.000000E+00
    85.900 T   0.100000E+01   0.000000E+00
    86.000 T   0.100000E+01   0.000000E+00
    86.100 T   0.100000E+01   0.000000E+00
    86.200 T   0.100000E+01   0.000000E+00
    86.300 T   0.100000E+01   0.000000E+00
    86.400 T   0.100000E+01   0.000000E+00
    86.500 T   0.100000E+01   0.000000E+00
    86.600 T   0.100000E+01   0.000000E+00
    86.700 T   0.100000E+01   0.000000E+00
    86.800 T   0.100000E+01   0.000000E+00
    86.900 T   0.100000E+01   0.000000E+00
    87.000 T   0.100000E+01   0.000000E+00
    87.100 T   0.100000E+01   0.000000E+00
    87.200 T   0.100000E+01   0.000000E+00
    87.300 T   0.100000E+01   0.000000E+00
    87.400 T   0.100000E+01   0.000000E+00
    87.500 T   0.100000E+01   0.000000E+00
    87.600 T   0.100000E+01   0.000000E+00
    87.700 T   0.100000E+01   0.000000E+00
    87.800 T   0.100000E+01   0.000000E+00
    87.900 T   0.100000E+01   0.000000E+00
    88.000 T   0.100000E+01   0.000000E+00
    88.100 T   0.100000E+01   0.000000E+00
    88.200 T   0.100000E+01   0.000000E+00
    88.300 T   0.100000E+01   0.000000E+00
    88.400 T   0.100000E+01   0.000000E+00
    88.500 T   0.100000E+01   0.000000E+00
    88.600 T   0.100000E+01   0.000000E+00
    88.700 T   0.100000E+01   0.000000E+00
    88.800 T   0.100000E+01   0.000000E+00
    88.900 T   0.100000E+01   0.000000E+00
    89.000 T   0.100000E+01   0.000000E+00
    89.100 T   0.100000E+01   0.000000E+00
    89.200 T   0.100000E+01   0.000000E+00
    89.300 T   0.100000E+01   0.000000E+00
    89.400 T   0.100000E+01   0.000000E+00
    89.500 T   0.100000E+01   0.000000E+00
    89.600 T   0.100000E+01   0.000000E+00
    89.700 T   0.100000E+01   0.000000E+00
    89.800 T   0.100000E+01   0.000000E+00
    89.900 T   0.100000E+01   0.000000E+00
    90.000 T   0.100000E+01   0.000000E+00
    90.100 T   0.100000E+01   0.000000E+00
    90.200 T   0.100000E+01   0.000000E+00
    90.300 T   0.100000E+01   0.000000E+00
    90.400 T   0.100000E+01   0.000000E+00
    90.500 T   0.100000E+01   0.000000E+00
    90.600 T   0.100000E+01   0.000000E+00
    90.700 T   0.100000E+01   0.000000E+00
    90.800 T   0.100000E+01   0.000000E+00
    90.900 T   0.100000E+01   0.000000E+00
    91.000 T   0.100000E+01   0.000000E+00
    91.100 T   0.100000E+01   0.000000E+00
    91.200 T   0.100000E+01   0.000000E+00
    91.300 T   0.100000E+01   0.000000E+00
    91.400 T   0.100000E+01   0.000000E+00
    91.500 T   0.100000E+01   0.000000E+00
    91.600 T   0.100000E+01   0.000000E+00
    91.700 T   0.100000E+01   0.000000E+00
    91.800 T   0.100000E+01   0.000000E+00
    91.900 T   0.100000E+01   0.000000E+00
    92.000 T   0.100000E+01   0.000000E+00
    92.100 T   0.100000E+01   0.000000E+00
    92.200 T   0.100000E+01   0.000000E+00
    92.300 T   0.100000E+01   0.000000E+00
    92.400 T   0.100000E+01   0.000000E+00
    92.500 T   0.100000E+01   0.000000E+00
    92.600 T   0.100000E+01   0.000000E+00
    92.700 T   0.100000E+01   0.000000E+00
    92.800 T   0.100000E+01   0.000000E+00
    92.900 T   0.100000E+01   0.000000E+00
    93.000 T   0.100000E+01   0.000000E+00
    93.100 T   0.100000E+01   0.000000E+00
    93.200 T   0.100000E+01   0.000000E+00
    93.300 T   0.100000E+01   0.000000E+00
    93.400 T   0.100000E+01   0.000000E+00
    93.500 T   0.100000E+01   0.000000E+00
    93.600 T   0.100000E+01   0.000000E+00
    93.700 T   0.100000E+01   0.000000E+00
    93.800 T   0.100000E+01   0.000000E+00
    93.900 T   0.100000E+01   0.000000E+00
    94.000 T   0.100000E+01   0.000000E+00
    94.100 T   0.100000E+01   0.000000E+00
    94.200 T   0.100000E+01   0.000000E+00
    94.300 T   0.100000E+01   0.000000E+00
    94.400 T   0.100000E+01   0.000000E+00
    94.500 T   0.100000E+01   0.000000E+00
    94.600 T   0.100000E+01   0.000000E+00
    94.700 T   0.100000E+01   0.000000E+00
    94.800 T   0.100000E+01   0.000000E+00
    94.900 T   0.100000E+01   0.000000E+00
    95.000 T   0.100000E+01   0.000000E+00
    95.100 T   0.100000E+01   0.000000E+00
    95.200 T   0.100000E+01   0.000000E+00
    95.300 T   0.100000E+01   0.000000E+00
    95.400 T   0.100000E+01   0.000000E+00
    95.500 T   0.100000E+01   0.000000E+00
    95.600 T   0.100000E+01   0.000000E+00
    95.700 T   0.100000E+01   0.000000E+00
    95.800 T   0.100000E+01   0.000000E+00
    95.900 T   0.100000E+01   0.000000E+00
    96.000 T   0.100000E+01   0.000000E+00
    96.100 T   0.100000E+01   0.000000E+00
    96.200 T   0.100000E+01   0.000000E+00
    96.300 T   0.100000E+01   0.000000E+00
    96.400 T   0.100000E+01   0.000000E+00
    96.500 T   0.100000E+01   0.000000E+00
    96.600 T   0.100000E+01   0.000000E+00
    96.700 T   0.100000E+01   0.000000E+00
    96.800 T   0.100000E+01   0.000000E+00
    96.900 T   0.100000E+01   0.000000E+00
    97.000 T   0.100000E+01   0.000000E+00
    97.100 T   0.100000E+01   0.000000E+00
    97.200 T   0.100000E+01   0.000000E+00
    97.300 T   0.100000E+01   0.000000E+00
    97.400 T   0.100000E+01   0.000000E+00
    97.500 T   0.100000E+01   0.000000E+00
    97.600 T   0.100000E+01   0.000000E+00
    97.700 T   0.100000E+01   0.000000E+00
    97.800 T   0.100000E+01   0.000000E+00
    97.900 T   0.100000E+01   0.000000E+00
    98.000 T   0.100000E+01   0.000000E+00
    98.100 T   0.100000E+01   0.000000E+00
    98.200 T   0.100000E+01   0.000000E+00
    98.300 T   0.100000E+01   0.000000E+00
    98.400 T   0.100000E+01   0.000000E+00
    98.500 T   0.100000E+01   0.000000E+00
    98.600 T   0.100000E+01   0.000000E+00
    98.700 T   0.100000E+01   0.000000E+00
    98.800 T   0.100000E+01   0.000000E+00
    98.900 T   0.100000E+01   0.000000E+00
    99.000 T   0.100000E+01   0.000000E+00
    99.100 T   0.100000E+01   0.000000E+00
    99.200 T   0.100000E+01   0.000000E+00
    99.300 T   0.100000E+01   0.000000E+00
    99.400 T   0.100000E+01   0.000000E+00
    99.500 T   0.100000E+01   0.000000E+00
    99.600 T   0.100000E+01   0.000000E+00
    99.700 T   0.100000E+01   0.000000E+00
    99.800 T   0.100000E+01   0.000000E+00
    99.900 T   0.100000E+01   0.000000E+00
   100.000 T   0.100000E+01   0.000000E+00
