     0.100   0.262041E-01  -0.000000E+00
     0.200   0.812152E-01  -0.000000E+00
     0.300   0.150422E+00  -0.000000E+00
     0.400   0.225312E+00  -0.000000E+00
     0.500   0.299961E+00  -0.000000E+00
     0.600   0.370286E+00  -0.000000E+00
     0.700   0.433698E+00  -0.000000E+00
     0.800   0.488834E+00  -0.000000E+00
     0.900   0.535289E+00  -0.000000E+00
     1.000   0.573358E+00  -0.000000E+00
     1.100   0.603788E+00  -0.000000E+00
     1.200   0.627574E+00  -0.000000E+00
     1.300   0.645795E+00  -0.000000E+00
     1.400   0.659503E+00  -0.000000E+00
     1.500   0.669646E+00  -0.000000E+00
     1.600   0.677039E+00  -0.000000E+00
     1.700   0.682350E+00  -0.000000E+00
     1.800   0.686111E+00  -0.000000E+00
     1.900   0.688733E+00  -0.000000E+00
     2.000   0.690525E+00  -0.000000E+00
     2.100   0.691713E+00  -0.000000E+00
     2.200   0.692470E+00  -0.000000E+00
     2.300   0.692909E+00  -0.000000E+00
     2.400   0.693113E+00  -0.000000E+00
     2.500   0.693138E+00  -0.000000E+00
     2.600   0.693019E+00  -0.000000E+00
     2.700   0.692778E+00  -0.000000E+00
     2.800   0.692423E+00  -0.000000E+00
     2.900   0.691955E+00  -0.000000E+00
     3.000   0.691364E+00  -0.000000E+00
     3.100   0.690633E+00  -0.000000E+00
     3.200   0.689737E+00  -0.000000E+00
     3.300   0.688640E+00  -0.000000E+00
     3.400   0.687296E+00  -0.000000E+00
     3.500   0.685646E+00  -0.000000E+00
     3.600   0.683612E+00  -0.000000E+00
     3.700   0.681098E+00  -0.000000E+00
     3.800   0.677983E+00  -0.000000E+00
     3.900   0.674115E+00  -0.000000E+00
     4.000   0.669306E+00  -0.000000E+00
     4.100   0.663307E+00  -0.000000E+00
     4.200   0.655867E+00  -0.000000E+00
     4.300   0.646632E+00  -0.000000E+00
     4.400   0.635041E+00  -0.000000E+00
     4.500   0.620907E+00  -0.000000E+00
     4.600   0.603512E+00  -0.000000E+00
     4.700   0.582343E+00  -0.000000E+00
     4.800   0.556708E+00  -0.000000E+00
     4.900   0.525922E+00  -0.000000E+00
     5.000   0.489292E+00  -0.000000E+00
     5.100   0.446002E+00  -0.000000E+00
     5.200   0.395696E+00  -0.000000E+00
     5.300   0.337693E+00  -0.000000E+00
     5.400   0.271426E+00  -0.000000E+00
     5.500   0.196055E+00  -0.000000E+00
     5.600   0.109276E+00  -0.000000E+00
     
     6.800   0.304890E-01  -0.000000E+00
     6.900   0.127507E+00  -0.000000E+00
     7.000   0.206392E+00  -0.000000E+00
     7.100   0.274946E+00  -0.000000E+00
     7.200   0.334972E+00  -0.000000E+00
     7.300   0.387317E+00  -0.000000E+00
     7.400   0.432618E+00  -0.000000E+00
     7.500   0.471493E+00  -0.000000E+00
     7.600   0.504573E+00  -0.000000E+00
     7.700   0.532499E+00  -0.000000E+00
     7.800   0.555905E+00  -0.000000E+00
     7.900   0.575394E+00  -0.000000E+00
     8.000   0.591526E+00  -0.000000E+00
     8.100   0.604807E+00  -0.000000E+00
     8.200   0.615640E+00  -0.000000E+00
     8.300   0.624501E+00  -0.000000E+00
     8.400   0.631668E+00  -0.000000E+00
     8.500   0.637415E+00  -0.000000E+00
     8.600   0.641969E+00  -0.000000E+00
     8.700   0.645485E+00  -0.000000E+00
     8.800   0.648165E+00  -0.000000E+00
     8.900   0.650094E+00  -0.000000E+00
     9.000   0.651357E+00  -0.000000E+00
     9.100   0.652020E+00  -0.000000E+00
     9.200   0.652102E+00  -0.000000E+00
     9.300   0.651674E+00  -0.000000E+00
     9.400   0.650721E+00  -0.000000E+00
     9.500   0.649239E+00  -0.000000E+00
     9.600   0.647207E+00  -0.000000E+00
     9.700   0.644593E+00  -0.000000E+00
     9.800   0.641353E+00  -0.000000E+00
     9.900   0.637430E+00  -0.000000E+00
    10.000   0.632755E+00  -0.000000E+00
    10.100   0.627246E+00  -0.000000E+00
    10.200   0.620812E+00  -0.000000E+00
    10.300   0.613351E+00  -0.000000E+00
    10.400   0.604755E+00  -0.000000E+00
    10.500   0.594909E+00  -0.000000E+00
    10.600   0.583699E+00  -0.000000E+00
    10.700   0.571012E+00  -0.000000E+00
    10.800   0.556749E+00  -0.000000E+00
    10.900   0.540831E+00  -0.000000E+00
    11.000   0.523209E+00  -0.000000E+00
    11.100   0.503875E+00  -0.000000E+00
    11.200   0.482877E+00  -0.000000E+00
    11.300   0.460335E+00  -0.000000E+00
    11.400   0.436451E+00  -0.000000E+00
    11.500   0.411527E+00  -0.000000E+00
    11.600   0.385970E+00  -0.000000E+00
    11.700   0.360304E+00  -0.000000E+00
    11.800   0.335167E+00  -0.000000E+00
    11.900   0.311301E+00  -0.000000E+00
    12.000   0.289527E+00  -0.000000E+00
    12.100   0.270704E+00  -0.000000E+00
    12.200   0.255667E+00  -0.000000E+00
    12.300   0.245150E+00  -0.000000E+00
    12.400   0.239689E+00  -0.000000E+00
    12.500   0.239550E+00  -0.000000E+00
    12.600   0.244687E+00  -0.000000E+00
    12.700   0.254740E+00  -0.000000E+00
    12.800   0.269105E+00  -0.000000E+00
    12.900   0.287013E+00  -0.000000E+00
    13.000   0.307618E+00  -0.000000E+00
    13.100   0.330078E+00  -0.000000E+00
    13.200   0.353609E+00  -0.000000E+00
    13.300   0.377518E+00  -0.000000E+00
    13.400   0.401221E+00  -0.000000E+00
    13.500   0.424249E+00  -0.000000E+00
    13.600   0.446242E+00  -0.000000E+00
    13.700   0.466942E+00  -0.000000E+00
    13.800   0.486179E+00  -0.000000E+00
    13.900   0.503859E+00  -0.000000E+00
    14.000   0.519946E+00  -0.000000E+00
    14.100   0.534454E+00  -0.000000E+00
    14.200   0.547430E+00  -0.000000E+00
    14.300   0.558946E+00  -0.000000E+00
    14.400   0.569091E+00  -0.000000E+00
    14.500   0.577959E+00  -0.000000E+00
    14.600   0.585650E+00  -0.000000E+00
    14.700   0.592260E+00  -0.000000E+00
    14.800   0.597881E+00  -0.000000E+00
    14.900   0.602598E+00  -0.000000E+00
    15.000   0.606487E+00  -0.000000E+00
    15.100   0.609616E+00  -0.000000E+00
    15.200   0.612044E+00  -0.000000E+00
    15.300   0.613821E+00  -0.000000E+00
    15.400   0.614987E+00  -0.000000E+00
    15.500   0.615574E+00  -0.000000E+00
    15.600   0.615609E+00  -0.000000E+00
    15.700   0.615108E+00  -0.000000E+00
    15.800   0.614083E+00  -0.000000E+00
    15.900   0.612541E+00  -0.000000E+00
    16.000   0.610483E+00  -0.000000E+00
    16.100   0.607905E+00  -0.000000E+00
    16.200   0.604804E+00  -0.000000E+00
    16.300   0.601170E+00  -0.000000E+00
    16.400   0.596996E+00  -0.000000E+00
    16.500   0.592274E+00  -0.000000E+00
    16.600   0.586998E+00  -0.000000E+00
    16.700   0.581167E+00  -0.000000E+00
    16.800   0.574784E+00  -0.000000E+00
    16.900   0.567862E+00  -0.000000E+00
    17.000   0.560420E+00  -0.000000E+00
    17.100   0.552491E+00  -0.000000E+00
    17.200   0.544123E+00  -0.000000E+00
    17.300   0.535378E+00  -0.000000E+00
    17.400   0.526334E+00  -0.000000E+00
    17.500   0.517089E+00  -0.000000E+00
    17.600   0.507759E+00  -0.000000E+00
    17.700   0.498475E+00  -0.000000E+00
    17.800   0.489386E+00  -0.000000E+00
    17.900   0.480651E+00  -0.000000E+00
    18.000   0.472439E+00  -0.000000E+00
    18.100   0.464918E+00  -0.000000E+00
    18.200   0.458255E+00  -0.000000E+00
    18.300   0.452603E+00  -0.000000E+00
    18.400   0.448096E+00  -0.000000E+00
    18.500   0.444841E+00  -0.000000E+00
    18.600   0.442915E+00  -0.000000E+00
    18.700   0.442356E+00  -0.000000E+00
    18.800   0.443164E+00  -0.000000E+00
    18.900   0.445302E+00  -0.000000E+00
    19.000   0.448696E+00  -0.000000E+00
    19.100   0.453238E+00  -0.000000E+00
    19.200   0.458798E+00  -0.000000E+00
    19.300   0.465226E+00  -0.000000E+00
    19.400   0.472362E+00  -0.000000E+00
    19.500   0.480039E+00  -0.000000E+00
    19.600   0.488096E+00  -0.000000E+00
    19.700   0.496379E+00  -0.000000E+00
    19.800   0.504745E+00  -0.000000E+00
    19.900   0.513067E+00  -0.000000E+00
    20.000   0.521232E+00  -0.000000E+00
    20.100   0.529149E+00  -0.000000E+00
    20.200   0.536740E+00  -0.000000E+00
    20.300   0.543945E+00  -0.000000E+00
    20.400   0.550718E+00  -0.000000E+00
    20.500   0.557029E+00  -0.000000E+00
    20.600   0.562855E+00  -0.000000E+00
    20.700   0.568185E+00  -0.000000E+00
    20.800   0.573018E+00  -0.000000E+00
    20.900   0.577354E+00  -0.000000E+00
    21.000   0.581202E+00  -0.000000E+00
    21.100   0.584573E+00  -0.000000E+00
    21.200   0.587479E+00  -0.000000E+00
    21.300   0.589934E+00  -0.000000E+00
    21.400   0.591953E+00  -0.000000E+00
    21.500   0.593550E+00  -0.000000E+00
    21.600   0.594740E+00  -0.000000E+00
    21.700   0.595535E+00  -0.000000E+00
    21.800   0.595949E+00  -0.000000E+00
    21.900   0.595992E+00  -0.000000E+00
    22.000   0.595675E+00  -0.000000E+00
    22.100   0.595009E+00  -0.000000E+00
    22.200   0.594001E+00  -0.000000E+00
    22.300   0.592663E+00  -0.000000E+00
    22.400   0.591002E+00  -0.000000E+00
    22.500   0.589028E+00  -0.000000E+00
    22.600   0.586752E+00  -0.000000E+00
    22.700   0.584185E+00  -0.000000E+00
    22.800   0.581341E+00  -0.000000E+00
    22.900   0.578237E+00  -0.000000E+00
    23.000   0.574890E+00  -0.000000E+00
    23.100   0.571323E+00  -0.000000E+00
    23.200   0.567560E+00  -0.000000E+00
    23.300   0.563632E+00  -0.000000E+00
    23.400   0.559571E+00  -0.000000E+00
    23.500   0.555416E+00  -0.000000E+00
    23.600   0.551207E+00  -0.000000E+00
    23.700   0.546991E+00  -0.000000E+00
    23.800   0.542817E+00  -0.000000E+00
    23.900   0.538736E+00  -0.000000E+00
    24.000   0.534803E+00  -0.000000E+00
    24.100   0.531071E+00  -0.000000E+00
    24.200   0.527594E+00  -0.000000E+00
    24.300   0.524425E+00  -0.000000E+00
    24.400   0.521613E+00  -0.000000E+00
    24.500   0.519201E+00  -0.000000E+00
    24.600   0.517227E+00  -0.000000E+00
    24.700   0.515722E+00  -0.000000E+00
    24.800   0.514708E+00  -0.000000E+00
    24.900   0.514198E+00  -0.000000E+00
    25.000   0.514195E+00  -0.000000E+00
    25.100   0.514693E+00  -0.000000E+00
    25.200   0.515675E+00  -0.000000E+00
    25.300   0.517117E+00  -0.000000E+00
    25.400   0.518987E+00  -0.000000E+00
    25.500   0.521246E+00  -0.000000E+00
    25.600   0.523849E+00  -0.000000E+00
    25.700   0.526749E+00  -0.000000E+00
    25.800   0.529895E+00  -0.000000E+00
    25.900   0.533235E+00  -0.000000E+00
    26.000   0.536718E+00  -0.000000E+00
    26.100   0.540295E+00  -0.000000E+00
    26.200   0.543918E+00  -0.000000E+00
    26.300   0.547542E+00  -0.000000E+00
    26.400   0.551127E+00  -0.000000E+00
    26.500   0.554637E+00  -0.000000E+00
    26.600   0.558038E+00  -0.000000E+00
    26.700   0.561303E+00  -0.000000E+00
    26.800   0.564408E+00  -0.000000E+00
    26.900   0.567331E+00  -0.000000E+00
    27.000   0.570058E+00  -0.000000E+00
    27.100   0.572575E+00  -0.000000E+00
    27.200   0.574872E+00  -0.000000E+00
    27.300   0.576942E+00  -0.000000E+00
    27.400   0.578780E+00  -0.000000E+00
    27.500   0.580382E+00  -0.000000E+00
    27.600   0.581748E+00  -0.000000E+00
    27.700   0.582878E+00  -0.000000E+00
    27.800   0.583773E+00  -0.000000E+00
    27.900   0.584437E+00  -0.000000E+00
    28.000   0.584872E+00  -0.000000E+00
    28.100   0.585083E+00  -0.000000E+00
    28.200   0.585075E+00  -0.000000E+00
    28.300   0.584853E+00  -0.000000E+00
    28.400   0.584425E+00  -0.000000E+00
    28.500   0.583797E+00  -0.000000E+00
    28.600   0.582977E+00  -0.000000E+00
    28.700   0.581974E+00  -0.000000E+00
    28.800   0.580798E+00  -0.000000E+00
    28.900   0.579460E+00  -0.000000E+00
    29.000   0.577971E+00  -0.000000E+00
    29.100   0.576344E+00  -0.000000E+00
    29.200   0.574593E+00  -0.000000E+00
    29.300   0.572735E+00  -0.000000E+00
    29.400   0.570785E+00  -0.000000E+00
    29.500   0.568761E+00  -0.000000E+00
    29.600   0.566684E+00  -0.000000E+00
    29.700   0.564572E+00  -0.000000E+00
    29.800   0.562449E+00  -0.000000E+00
    29.900   0.560335E+00  -0.000000E+00
    30.000   0.558253E+00  -0.000000E+00
    30.100   0.556228E+00  -0.000000E+00
    30.200   0.554281E+00  -0.000000E+00
    30.300   0.552435E+00  -0.000000E+00
    30.400   0.550713E+00  -0.000000E+00
    30.500   0.549135E+00  -0.000000E+00
    30.600   0.547720E+00  -0.000000E+00
    30.700   0.546485E+00  -0.000000E+00
    30.800   0.545445E+00  -0.000000E+00
    30.900   0.544612E+00  -0.000000E+00
    31.000   0.543994E+00  -0.000000E+00
    31.100   0.543598E+00  -0.000000E+00
    31.200   0.543427E+00  -0.000000E+00
    31.300   0.543478E+00  -0.000000E+00
    31.400   0.543750E+00  -0.000000E+00
    31.500   0.544234E+00  -0.000000E+00
    31.600   0.544920E+00  -0.000000E+00
    31.700   0.545796E+00  -0.000000E+00
    31.800   0.546846E+00  -0.000000E+00
    31.900   0.548054E+00  -0.000000E+00
    32.000   0.549401E+00  -0.000000E+00
    32.100   0.550544E+00  -0.000000E+00
    32.200   0.552117E+00  -0.000000E+00
    32.300   0.553768E+00  -0.000000E+00
    32.400   0.555477E+00  -0.000000E+00
    32.500   0.556914E+00  -0.000000E+00
    32.600   0.558381E+00  -0.000000E+00
    32.700   0.560158E+00  -0.000000E+00
    32.800   0.561915E+00  -0.000000E+00
    32.900   0.563635E+00  -0.000000E+00
    33.000   0.565015E+00  -0.000000E+00
    33.100   0.566340E+00  -0.000000E+00
    33.200   0.567879E+00  -0.000000E+00
    33.300   0.569328E+00  -0.000000E+00
    33.400   0.570677E+00  -0.000000E+00
    33.500   0.571646E+00  -0.000000E+00
    33.600   0.572510E+00  -0.000000E+00
    33.700   0.573531E+00  -0.000000E+00
    33.800   0.574426E+00  -0.000000E+00
    33.900   0.575194E+00  -0.000000E+00
    34.000   0.575569E+00  -0.000000E+00
    34.100   0.575819E+00  -0.000000E+00
    34.200   0.576206E+00  -0.000000E+00
    34.300   0.576462E+00  -0.000000E+00
    34.400   0.576589E+00  -0.000000E+00
    34.500   0.576329E+00  -0.000000E+00
    34.600   0.575949E+00  -0.000000E+00
    34.700   0.575716E+00  -0.000000E+00
    34.800   0.575368E+00  -0.000000E+00
    34.900   0.574911E+00  -0.000000E+00
    35.000   0.574085E+00  -0.000000E+00
    35.100   0.573164E+00  -0.000000E+00
    35.200   0.572427E+00  -0.000000E+00
    35.300   0.571609E+00  -0.000000E+00
    35.400   0.570719E+00  -0.000000E+00
    35.500   0.569491E+00  -0.000000E+00
    35.600   0.568210E+00  -0.000000E+00
    35.700   0.567171E+00  -0.000000E+00
    35.800   0.566101E+00  -0.000000E+00
    35.900   0.565012E+00  -0.000000E+00
    36.000   0.563624E+00  -0.000000E+00
    36.100   0.562240E+00  -0.000000E+00
    36.200   0.561168E+00  -0.000000E+00
    36.300   0.560125E+00  -0.000000E+00
    36.400   0.559121E+00  -0.000000E+00
    36.500   0.557863E+00  -0.000000E+00
    36.600   0.556666E+00  -0.000000E+00
    36.700   0.555851E+00  -0.000000E+00
    36.800   0.555116E+00  -0.000000E+00
    36.900   0.554470E+00  -0.000000E+00
    37.000   0.553604E+00  -0.000000E+00
    37.100   0.552842E+00  -0.000000E+00
    37.200   0.552507E+00  -0.000000E+00
    37.300   0.552282E+00  -0.000000E+00
    37.400   0.552168E+00  -0.000000E+00
    37.500   0.551847E+00  -0.000000E+00
    37.600   0.551641E+00  -0.000000E+00
    37.700   0.551868E+00  -0.000000E+00
    37.800   0.552201E+00  -0.000000E+00
    37.900   0.552633E+00  -0.000000E+00
    38.000   0.552842E+00  -0.000000E+00
    38.100   0.553145E+00  -0.000000E+00
    38.200   0.553849E+00  -0.000000E+00
    38.300   0.554623E+00  -0.000000E+00
    38.400   0.555458E+00  -0.000000E+00
    38.500   0.556344E+00  -0.000000E+00
    38.600   0.556964E+00  -0.000000E+00
    38.700   0.557929E+00  -0.000000E+00
    38.800   0.558915E+00  -0.000000E+00
    38.900   0.559911E+00  -0.000000E+00
    39.000   0.560909E+00  -0.000000E+00
    39.100   0.561603E+00  -0.000000E+00
    39.200   0.562582E+00  -0.000000E+00
    39.300   0.563537E+00  -0.000000E+00
    39.400   0.564458E+00  -0.000000E+00
    39.500   0.565338E+00  -0.000000E+00
    39.600   0.565887E+00  -0.000000E+00
    39.700   0.566675E+00  -0.000000E+00
    39.800   0.567405E+00  -0.000000E+00
    39.900   0.568073E+00  -0.000000E+00
    40.000   0.568675E+00  -0.000000E+00
    40.100   0.568930E+00  -0.000000E+00
    40.200   0.569398E+00  -0.000000E+00
    40.300   0.569793E+00  -0.000000E+00
    40.400   0.570115E+00  -0.000000E+00
    40.500   0.570363E+00  -0.000000E+00
    40.600   0.570261E+00  -0.000000E+00
    40.700   0.570367E+00  -0.000000E+00
    40.800   0.570401E+00  -0.000000E+00
    40.900   0.570365E+00  -0.000000E+00
    41.000   0.570263E+00  -0.000000E+00
    41.100   0.570096E+00  -0.000000E+00
    41.200   0.569869E+00  -0.000000E+00
    41.300   0.569585E+00  -0.000000E+00
    41.400   0.569250E+00  -0.000000E+00
    41.500   0.568866E+00  -0.000000E+00
    41.600   0.568440E+00  -0.000000E+00
    41.700   0.567977E+00  -0.000000E+00
    41.800   0.567483E+00  -0.000000E+00
    41.900   0.566964E+00  -0.000000E+00
    42.000   0.566424E+00  -0.000000E+00
    42.100   0.565872E+00  -0.000000E+00
    42.200   0.565313E+00  -0.000000E+00
    42.300   0.564754E+00  -0.000000E+00
    42.400   0.564200E+00  -0.000000E+00
    42.500   0.563658E+00  -0.000000E+00
    42.600   0.563134E+00  -0.000000E+00
    42.700   0.562633E+00  -0.000000E+00
    42.800   0.562161E+00  -0.000000E+00
    42.900   0.561724E+00  -0.000000E+00
    43.000   0.561325E+00  -0.000000E+00
    43.100   0.560970E+00  -0.000000E+00
    43.200   0.560661E+00  -0.000000E+00
    43.300   0.560402E+00  -0.000000E+00
    43.400   0.560196E+00  -0.000000E+00
    43.500   0.560044E+00  -0.000000E+00
    43.600   0.559947E+00  -0.000000E+00
    43.700   0.559907E+00  -0.000000E+00
    43.800   0.559923E+00  -0.000000E+00
    43.900   0.559994E+00  -0.000000E+00
    44.000   0.560119E+00  -0.000000E+00
    44.100   0.560296E+00  -0.000000E+00
    44.200   0.560523E+00  -0.000000E+00
    44.300   0.560797E+00  -0.000000E+00
    44.400   0.561114E+00  -0.000000E+00
    44.500   0.561471E+00  -0.000000E+00
    44.600   0.561863E+00  -0.000000E+00
    44.700   0.562285E+00  -0.000000E+00
    44.800   0.562734E+00  -0.000000E+00
    44.900   0.563205E+00  -0.000000E+00
    45.000   0.563691E+00  -0.000000E+00
    45.100   0.564189E+00  -0.000000E+00
    45.200   0.564694E+00  -0.000000E+00
    45.300   0.565200E+00  -0.000000E+00
    45.400   0.565703E+00  -0.000000E+00
    45.500   0.566199E+00  -0.000000E+00
    45.600   0.566682E+00  -0.000000E+00
    45.700   0.567150E+00  -0.000000E+00
    45.800   0.567597E+00  -0.000000E+00
    45.900   0.568021E+00  -0.000000E+00
    46.000   0.568419E+00  -0.000000E+00
    46.100   0.568787E+00  -0.000000E+00
    46.200   0.569123E+00  -0.000000E+00
    46.300   0.569425E+00  -0.000000E+00
    46.400   0.569691E+00  -0.000000E+00
    46.500   0.569920E+00  -0.000000E+00
    46.600   0.570111E+00  -0.000000E+00
    46.700   0.570263E+00  -0.000000E+00
    46.800   0.570376E+00  -0.000000E+00
    46.900   0.570450E+00  -0.000000E+00
    47.000   0.570485E+00  -0.000000E+00
    47.100   0.570483E+00  -0.000000E+00
    47.200   0.570444E+00  -0.000000E+00
    47.300   0.570370E+00  -0.000000E+00
    47.400   0.570262E+00  -0.000000E+00
    47.500   0.570123E+00  -0.000000E+00
    47.600   0.569954E+00  -0.000000E+00
    47.700   0.569758E+00  -0.000000E+00
    47.800   0.569538E+00  -0.000000E+00
    47.900   0.569296E+00  -0.000000E+00
    48.000   0.569036E+00  -0.000000E+00
    48.100   0.568761E+00  -0.000000E+00
    48.200   0.568473E+00  -0.000000E+00
    48.300   0.568176E+00  -0.000000E+00
    48.400   0.567874E+00  -0.000000E+00
    48.500   0.567569E+00  -0.000000E+00
    48.600   0.567266E+00  -0.000000E+00
    48.700   0.566967E+00  -0.000000E+00
    48.800   0.566675E+00  -0.000000E+00
    48.900   0.566394E+00  -0.000000E+00
    49.000   0.566127E+00  -0.000000E+00
    49.100   0.565875E+00  -0.000000E+00
    49.200   0.565643E+00  -0.000000E+00
    49.300   0.565431E+00  -0.000000E+00
    49.400   0.565243E+00  -0.000000E+00
    49.500   0.565079E+00  -0.000000E+00
    49.600   0.564941E+00  -0.000000E+00
    49.700   0.564831E+00  -0.000000E+00
    49.800   0.564749E+00  -0.000000E+00
    49.900   0.564696E+00  -0.000000E+00
    50.000   0.564672E+00  -0.000000E+00
    50.100   0.564677E+00  -0.000000E+00
    50.200   0.564710E+00  -0.000000E+00
    50.300   0.564771E+00  -0.000000E+00
    50.400   0.564859E+00  -0.000000E+00
    50.500   0.564972E+00  -0.000000E+00
    50.600   0.565110E+00  -0.000000E+00
    50.700   0.565269E+00  -0.000000E+00
    50.800   0.565449E+00  -0.000000E+00
    50.900   0.565647E+00  -0.000000E+00
    51.000   0.565861E+00  -0.000000E+00
    51.100   0.566089E+00  -0.000000E+00
    51.200   0.566328E+00  -0.000000E+00
    51.300   0.566576E+00  -0.000000E+00
    51.400   0.566829E+00  -0.000000E+00
    51.500   0.567086E+00  -0.000000E+00
    51.600   0.567344E+00  -0.000000E+00
    51.700   0.567601E+00  -0.000000E+00
    51.800   0.567854E+00  -0.000000E+00
    51.900   0.568101E+00  -0.000000E+00
    52.000   0.568339E+00  -0.000000E+00
    52.100   0.568567E+00  -0.000000E+00
    52.200   0.568783E+00  -0.000000E+00
    52.300   0.568985E+00  -0.000000E+00
    52.400   0.569172E+00  -0.000000E+00
    52.500   0.569341E+00  -0.000000E+00
    52.600   0.569493E+00  -0.000000E+00
    52.700   0.569626E+00  -0.000000E+00
    52.800   0.569739E+00  -0.000000E+00
    52.900   0.569832E+00  -0.000000E+00
    53.000   0.569904E+00  -0.000000E+00
    53.100   0.569956E+00  -0.000000E+00
    53.200   0.569986E+00  -0.000000E+00
    53.300   0.569997E+00  -0.000000E+00
    53.400   0.569987E+00  -0.000000E+00
    53.500   0.569957E+00  -0.000000E+00
    53.600   0.569910E+00  -0.000000E+00
    53.700   0.569844E+00  -0.000000E+00
    53.800   0.569762E+00  -0.000000E+00
    53.900   0.569664E+00  -0.000000E+00
    54.000   0.569552E+00  -0.000000E+00
    54.100   0.569428E+00  -0.000000E+00
    54.200   0.569292E+00  -0.000000E+00
    54.300   0.569148E+00  -0.000000E+00
    54.400   0.568995E+00  -0.000000E+00
    54.500   0.568837E+00  -0.000000E+00
    54.600   0.568674E+00  -0.000000E+00
    54.700   0.568509E+00  -0.000000E+00
    54.800   0.568343E+00  -0.000000E+00
    54.900   0.568179E+00  -0.000000E+00
    55.000   0.568017E+00  -0.000000E+00
    55.100   0.567860E+00  -0.000000E+00
    55.200   0.567708E+00  -0.000000E+00
    55.300   0.567565E+00  -0.000000E+00
    55.400   0.567430E+00  -0.000000E+00
    55.500   0.567306E+00  -0.000000E+00
    55.600   0.567193E+00  -0.000000E+00
    55.700   0.567092E+00  -0.000000E+00
    55.800   0.567005E+00  -0.000000E+00
    55.900   0.566932E+00  -0.000000E+00
    56.000   0.566873E+00  -0.000000E+00
    56.100   0.566829E+00  -0.000000E+00
    56.200   0.566801E+00  -0.000000E+00
    56.300   0.566788E+00  -0.000000E+00
    56.400   0.566790E+00  -0.000000E+00
    56.500   0.566806E+00  -0.000000E+00
    56.600   0.566838E+00  -0.000000E+00
    56.700   0.566883E+00  -0.000000E+00
    56.800   0.566942E+00  -0.000000E+00
    56.900   0.567013E+00  -0.000000E+00
    57.000   0.567096E+00  -0.000000E+00
    57.100   0.567190E+00  -0.000000E+00
    57.200   0.567293E+00  -0.000000E+00
    57.300   0.567404E+00  -0.000000E+00
    57.400   0.567522E+00  -0.000000E+00
    57.500   0.567646E+00  -0.000000E+00
    57.600   0.567775E+00  -0.000000E+00
    57.700   0.567907E+00  -0.000000E+00
    57.800   0.568040E+00  -0.000000E+00
    57.900   0.568174E+00  -0.000000E+00
    58.000   0.568308E+00  -0.000000E+00
    58.100   0.568439E+00  -0.000000E+00
    58.200   0.568567E+00  -0.000000E+00
    58.300   0.568690E+00  -0.000000E+00
    58.400   0.568808E+00  -0.000000E+00
    58.500   0.568920E+00  -0.000000E+00
    58.600   0.569024E+00  -0.000000E+00
    58.700   0.569120E+00  -0.000000E+00
    58.800   0.569206E+00  -0.000000E+00
    58.900   0.569284E+00  -0.000000E+00
    59.000   0.569350E+00  -0.000000E+00
    59.100   0.569407E+00  -0.000000E+00
    59.200   0.569453E+00  -0.000000E+00
    59.300   0.569488E+00  -0.000000E+00
    59.400   0.569511E+00  -0.000000E+00
    59.500   0.569524E+00  -0.000000E+00
    59.600   0.569525E+00  -0.000000E+00
    59.700   0.569517E+00  -0.000000E+00
    59.800   0.569497E+00  -0.000000E+00
    59.900   0.569468E+00  -0.000000E+00
    60.000   0.569429E+00  -0.000000E+00
    60.100   0.569382E+00  -0.000000E+00
    60.200   0.569327E+00  -0.000000E+00
    60.300   0.569264E+00  -0.000000E+00
    60.400   0.569195E+00  -0.000000E+00
    60.500   0.569120E+00  -0.000000E+00
    60.600   0.569040E+00  -0.000000E+00
    60.700   0.568956E+00  -0.000000E+00
    60.800   0.568870E+00  -0.000000E+00
    60.900   0.568781E+00  -0.000000E+00
    61.000   0.568691E+00  -0.000000E+00
    61.100   0.568602E+00  -0.000000E+00
    61.200   0.568513E+00  -0.000000E+00
    61.300   0.568426E+00  -0.000000E+00
    61.400   0.568341E+00  -0.000000E+00
    61.500   0.568260E+00  -0.000000E+00
    61.600   0.568183E+00  -0.000000E+00
    61.700   0.568111E+00  -0.000000E+00
    61.800   0.568045E+00  -0.000000E+00
    61.900   0.567985E+00  -0.000000E+00
    62.000   0.567931E+00  -0.000000E+00
    62.100   0.567885E+00  -0.000000E+00
    62.200   0.567846E+00  -0.000000E+00
    62.300   0.567815E+00  -0.000000E+00
    62.400   0.567792E+00  -0.000000E+00
    62.500   0.567777E+00  -0.000000E+00
    62.600   0.567771E+00  -0.000000E+00
    62.700   0.567772E+00  -0.000000E+00
    62.800   0.567781E+00  -0.000000E+00
    62.900   0.567798E+00  -0.000000E+00
    63.000   0.567822E+00  -0.000000E+00
    63.100   0.567853E+00  -0.000000E+00
    63.200   0.567891E+00  -0.000000E+00
    63.300   0.567935E+00  -0.000000E+00
    63.400   0.567984E+00  -0.000000E+00
    63.500   0.568038E+00  -0.000000E+00
    63.600   0.568097E+00  -0.000000E+00
    63.700   0.568159E+00  -0.000000E+00
    63.800   0.568225E+00  -0.000000E+00
    63.900   0.568292E+00  -0.000000E+00
    64.000   0.568362E+00  -0.000000E+00
    64.100   0.568361E+00  -0.000000E+00
    64.200   0.568433E+00  -0.000000E+00
    64.300   0.568504E+00  -0.000000E+00
    64.400   0.568223E+00  -0.000000E+00
    64.500   0.568297E+00  -0.000000E+00
    64.600   0.568297E+00  -0.000000E+00
    64.700   0.568367E+00  -0.000000E+00
    64.800   0.568432E+00  -0.000000E+00
    64.900   0.568143E+00  -0.000000E+00
    65.000   0.568206E+00  -0.000000E+00
    65.100   0.568192E+00  -0.000000E+00
    65.200   0.568246E+00  -0.000000E+00
    65.300   0.568294E+00  -0.000000E+00
    65.400   0.567984E+00  -0.000000E+00
    65.500   0.568026E+00  -0.000000E+00
    65.600   0.567990E+00  -0.000000E+00
    65.700   0.568021E+00  -0.000000E+00
    65.800   0.568045E+00  -0.000000E+00
    65.900   0.567710E+00  -0.000000E+00
    66.000   0.567728E+00  -0.000000E+00
    66.100   0.567668E+00  -0.000000E+00
    66.200   0.567675E+00  -0.000000E+00
    66.300   0.567677E+00  -0.000000E+00
    66.400   0.567320E+00  -0.000000E+00
    66.500   0.567318E+00  -0.000000E+00
    66.600   0.567240E+00  -0.000000E+00
    66.700   0.567230E+00  -0.000000E+00
    66.800   0.567217E+00  -0.000000E+00
    66.900   0.566846E+00  -0.000000E+00
    67.000   0.566834E+00  -0.000000E+00
    67.100   0.566747E+00  -0.000000E+00
    67.200   0.566732E+00  -0.000000E+00
    67.300   0.566716E+00  -0.000000E+00
    67.400   0.566343E+00  -0.000000E+00
    67.500   0.566332E+00  -0.000000E+00
    67.600   0.566250E+00  -0.000000E+00
    67.700   0.566241E+00  -0.000000E+00
    67.800   0.566235E+00  -0.000000E+00
    67.900   0.565871E+00  -0.000000E+00
    68.000   0.565874E+00  -0.000000E+00
    68.100   0.565807E+00  -0.000000E+00
    68.200   0.565816E+00  -0.000000E+00
    68.300   0.565828E+00  -0.000000E+00
    68.400   0.565485E+00  -0.000000E+00
    68.500   0.565510E+00  -0.000000E+00
    68.600   0.565465E+00  -0.000000E+00
    68.700   0.565498E+00  -0.000000E+00
    68.800   0.565535E+00  -0.000000E+00
    68.900   0.565215E+00  -0.000000E+00
    69.000   0.565265E+00  -0.000000E+00
    69.100   0.565246E+00  -0.000000E+00
    69.200   0.565304E+00  -0.000000E+00
    69.300   0.565365E+00  -0.000000E+00
    69.400   0.565069E+00  -0.000000E+00
    69.500   0.565142E+00  -0.000000E+00
    69.600   0.565145E+00  -0.000000E+00
    69.700   0.565223E+00  -0.000000E+00
    69.800   0.565304E+00  -0.000000E+00
    69.900   0.565025E+00  -0.000000E+00
    70.000   0.565114E+00  -0.000000E+00
    70.100   0.565131E+00  -0.000000E+00
    70.200   0.565222E+00  -0.000000E+00
    70.300   0.565313E+00  -0.000000E+00
    70.400   0.565044E+00  -0.000000E+00
    70.500   0.565139E+00  -0.000000E+00
    70.600   0.565161E+00  -0.000000E+00
    70.700   0.565255E+00  -0.000000E+00
    70.800   0.565348E+00  -0.000000E+00
    70.900   0.565077E+00  -0.000000E+00
    71.000   0.565170E+00  -0.000000E+00
    71.100   0.565188E+00  -0.000000E+00
    71.200   0.565276E+00  -0.000000E+00
    71.300   0.565361E+00  -0.000000E+00
    71.400   0.565082E+00  -0.000000E+00
    71.500   0.565165E+00  -0.000000E+00
    71.600   0.565172E+00  -0.000000E+00
    71.700   0.565248E+00  -0.000000E+00
    71.800   0.565320E+00  -0.000000E+00
    71.900   0.565028E+00  -0.000000E+00
    72.000   0.565097E+00  -0.000000E+00
    72.100   0.565090E+00  -0.000000E+00
    72.200   0.565152E+00  -0.000000E+00
    72.300   0.565210E+00  -0.000000E+00
    72.400   0.564904E+00  -0.000000E+00
    72.500   0.564960E+00  -0.000000E+00
    72.600   0.564939E+00  -0.000000E+00
    72.700   0.564990E+00  -0.000000E+00
    72.800   0.565036E+00  -0.000000E+00
    72.900   0.564718E+00  -0.000000E+00
    73.000   0.564765E+00  -0.000000E+00
    73.100   0.564736E+00  -0.000000E+00
    73.200   0.564778E+00  -0.000000E+00
    73.300   0.564819E+00  -0.000000E+00
    73.400   0.564495E+00  -0.000000E+00
    73.500   0.564539E+00  -0.000000E+00
    73.600   0.564507E+00  -0.000000E+00
    73.700   0.564549E+00  -0.000000E+00
    73.800   0.564590E+00  -0.000000E+00
    73.900   0.564268E+00  -0.000000E+00
    74.000   0.564314E+00  -0.000000E+00
    74.100   0.564288E+00  -0.000000E+00
    74.200   0.564335E+00  -0.000000E+00
    74.300   0.564383E+00  -0.000000E+00
    74.400   0.564069E+00  -0.000000E+00
    74.500   0.564124E+00  -0.000000E+00
    74.600   0.564107E+00  -0.000000E+00
    74.700   0.564165E+00  -0.000000E+00
    74.800   0.564225E+00  -0.000000E+00
    74.900   0.563922E+00  -0.000000E+00
    75.000   0.563990E+00  -0.000000E+00
    75.100   0.563985E+00  -0.000000E+00
    75.200   0.564056E+00  -0.000000E+00
    75.300   0.564129E+00  -0.000000E+00
    75.400   0.563839E+00  -0.000000E+00
    75.500   0.563919E+00  -0.000000E+00
    75.600   0.563928E+00  -0.000000E+00
    75.700   0.564011E+00  -0.000000E+00
    75.800   0.564095E+00  -0.000000E+00
    75.900   0.563816E+00  -0.000000E+00
    76.000   0.563907E+00  -0.000000E+00
    76.100   0.563925E+00  -0.000000E+00
    76.200   0.564018E+00  -0.000000E+00
    76.300   0.564110E+00  -0.000000E+00
    76.400   0.563838E+00  -0.000000E+00
    76.500   0.563936E+00  -0.000000E+00
    76.600   0.563959E+00  -0.000000E+00
    76.700   0.564055E+00  -0.000000E+00
    76.800   0.564151E+00  -0.000000E+00
    76.900   0.564245E+00  -0.000000E+00
    77.000   0.564337E+00  -0.000000E+00
    77.100   0.564354E+00  -0.000000E+00
    77.200   0.564444E+00  -0.000000E+00
    77.300   0.564532E+00  -0.000000E+00
    77.400   0.564617E+00  -0.000000E+00
    77.500   0.564701E+00  -0.000000E+00
    77.600   0.564708E+00  -0.000000E+00
    77.700   0.564788E+00  -0.000000E+00
    77.800   0.564864E+00  -0.000000E+00
    77.900   0.564938E+00  -0.000000E+00
    78.000   0.565009E+00  -0.000000E+00
    78.100   0.565005E+00  -0.000000E+00
    78.200   0.565072E+00  -0.000000E+00
    78.300   0.565136E+00  -0.000000E+00
    78.400   0.565198E+00  -0.000000E+00
    78.500   0.565256E+00  -0.000000E+00
    78.600   0.565240E+00  -0.000000E+00
    78.700   0.565294E+00  -0.000000E+00
    78.800   0.565347E+00  -0.000000E+00
    78.900   0.565397E+00  -0.000000E+00
    79.000   0.565444E+00  -0.000000E+00
    79.100   0.565417E+00  -0.000000E+00
    79.200   0.565462E+00  -0.000000E+00
    79.300   0.565505E+00  -0.000000E+00
    79.400   0.565546E+00  -0.000000E+00
    79.500   0.565586E+00  -0.000000E+00
    79.600   0.565552E+00  -0.000000E+00
    79.700   0.565590E+00  -0.000000E+00
    79.800   0.565627E+00  -0.000000E+00
    79.900   0.565663E+00  -0.000000E+00
    80.000   0.565699E+00  -0.000000E+00
    80.100   0.565661E+00  -0.000000E+00
    80.200   0.565697E+00  -0.000000E+00
    80.300   0.565732E+00  -0.000000E+00
    80.400   0.565768E+00  -0.000000E+00
    80.500   0.565803E+00  -0.000000E+00
    80.600   0.565766E+00  -0.000000E+00
    80.700   0.565802E+00  -0.000000E+00
    80.800   0.565839E+00  -0.000000E+00
    80.900   0.565876E+00  -0.000000E+00
    81.000   0.565914E+00  -0.000000E+00
    81.100   0.565879E+00  -0.000000E+00
    81.200   0.565919E+00  -0.000000E+00
    81.300   0.565959E+00  -0.000000E+00
    81.400   0.566000E+00  -0.000000E+00
    81.500   0.566042E+00  -0.000000E+00
    81.600   0.566011E+00  -0.000000E+00
    81.700   0.566055E+00  -0.000000E+00
    81.800   0.566099E+00  -0.000000E+00
    81.900   0.566143E+00  -0.000000E+00
    82.000   0.566188E+00  -0.000000E+00
    82.100   0.566233E+00  -0.000000E+00
    82.200   0.566279E+00  -0.000000E+00
    82.300   0.566325E+00  -0.000000E+00
    82.400   0.566370E+00  -0.000000E+00
    82.500   0.566416E+00  -0.000000E+00
    82.600   0.566462E+00  -0.000000E+00
    82.700   0.566507E+00  -0.000000E+00
    82.800   0.566553E+00  -0.000000E+00
    82.900   0.566598E+00  -0.000000E+00
    83.000   0.566642E+00  -0.000000E+00
    83.100   0.566686E+00  -0.000000E+00
    83.200   0.566729E+00  -0.000000E+00
    83.300   0.566771E+00  -0.000000E+00
    83.400   0.566813E+00  -0.000000E+00
    83.500   0.566854E+00  -0.000000E+00
    83.600   0.566893E+00  -0.000000E+00
    83.700   0.566932E+00  -0.000000E+00
    83.800   0.566969E+00  -0.000000E+00
    83.900   0.567006E+00  -0.000000E+00
    84.000   0.567041E+00  -0.000000E+00
    84.100   0.567074E+00  -0.000000E+00
    84.200   0.567107E+00  -0.000000E+00
    84.300   0.567138E+00  -0.000000E+00
    84.400   0.567168E+00  -0.000000E+00
    84.500   0.567196E+00  -0.000000E+00
    84.600   0.567223E+00  -0.000000E+00
    84.700   0.567249E+00  -0.000000E+00
    84.800   0.567273E+00  -0.000000E+00
    84.900   0.567296E+00  -0.000000E+00
    85.000   0.567318E+00  -0.000000E+00
    85.100   0.567339E+00  -0.000000E+00
    85.200   0.567359E+00  -0.000000E+00
    85.300   0.567377E+00  -0.000000E+00
    85.400   0.567395E+00  -0.000000E+00
    85.500   0.567412E+00  -0.000000E+00
    85.600   0.567427E+00  -0.000000E+00
    85.700   0.567443E+00  -0.000000E+00
    85.800   0.567457E+00  -0.000000E+00
    85.900   0.567471E+00  -0.000000E+00
    86.000   0.567484E+00  -0.000000E+00
    86.100   0.567497E+00  -0.000000E+00
    86.200   0.567509E+00  -0.000000E+00
    86.300   0.567521E+00  -0.000000E+00
    86.400   0.567533E+00  -0.000000E+00
    86.500   0.567545E+00  -0.000000E+00
    86.600   0.567557E+00  -0.000000E+00
    86.700   0.567569E+00  -0.000000E+00
    86.800   0.567581E+00  -0.000000E+00
    86.900   0.567593E+00  -0.000000E+00
    87.000   0.567605E+00  -0.000000E+00
    87.100   0.567618E+00  -0.000000E+00
    87.200   0.567631E+00  -0.000000E+00
    87.300   0.567644E+00  -0.000000E+00
    87.400   0.567658E+00  -0.000000E+00
    87.500   0.567672E+00  -0.000000E+00
    87.600   0.567686E+00  -0.000000E+00
    87.700   0.567701E+00  -0.000000E+00
    87.800   0.567716E+00  -0.000000E+00
    87.900   0.567731E+00  -0.000000E+00
    88.000   0.567747E+00  -0.000000E+00
    88.100   0.567764E+00  -0.000000E+00
    88.200   0.567780E+00  -0.000000E+00
    88.300   0.567797E+00  -0.000000E+00
    88.400   0.567814E+00  -0.000000E+00
    88.500   0.567832E+00  -0.000000E+00
    88.600   0.567850E+00  -0.000000E+00
    88.700   0.567867E+00  -0.000000E+00
    88.800   0.567885E+00  -0.000000E+00
    88.900   0.567903E+00  -0.000000E+00
    89.000   0.567921E+00  -0.000000E+00
    89.100   0.567939E+00  -0.000000E+00
    89.200   0.567957E+00  -0.000000E+00
    89.300   0.567975E+00  -0.000000E+00
    89.400   0.567992E+00  -0.000000E+00
    89.500   0.568010E+00  -0.000000E+00
    89.600   0.568026E+00  -0.000000E+00
    89.700   0.568043E+00  -0.000000E+00
    89.800   0.568059E+00  -0.000000E+00
    89.900   0.568075E+00  -0.000000E+00
    90.000   0.568090E+00  -0.000000E+00
    90.100   0.568104E+00  -0.000000E+00
    90.200   0.568119E+00  -0.000000E+00
    90.300   0.568132E+00  -0.000000E+00
    90.400   0.568145E+00  -0.000000E+00
    90.500   0.568157E+00  -0.000000E+00
    90.600   0.568169E+00  -0.000000E+00
    90.700   0.568180E+00  -0.000000E+00
    90.800   0.568190E+00  -0.000000E+00
    90.900   0.568200E+00  -0.000000E+00
    91.000   0.568209E+00  -0.000000E+00
    91.100   0.568218E+00  -0.000000E+00
    91.200   0.568226E+00  -0.000000E+00
    91.300   0.568233E+00  -0.000000E+00
    91.400   0.568240E+00  -0.000000E+00
    91.500   0.568246E+00  -0.000000E+00
    91.600   0.568252E+00  -0.000000E+00
    91.700   0.568258E+00  -0.000000E+00
    91.800   0.568262E+00  -0.000000E+00
    91.900   0.568267E+00  -0.000000E+00
    92.000   0.568271E+00  -0.000000E+00
    92.100   0.568275E+00  -0.000000E+00
    92.200   0.568279E+00  -0.000000E+00
    92.300   0.568282E+00  -0.000000E+00
    92.400   0.568286E+00  -0.000000E+00
    92.500   0.568289E+00  -0.000000E+00
    92.600   0.568292E+00  -0.000000E+00
    92.700   0.568295E+00  -0.000000E+00
    92.800   0.568298E+00  -0.000000E+00
    92.900   0.568301E+00  -0.000000E+00
    93.000   0.568304E+00  -0.000000E+00
    93.100   0.568307E+00  -0.000000E+00
    93.200   0.568311E+00  -0.000000E+00
    93.300   0.568314E+00  -0.000000E+00
    93.400   0.568318E+00  -0.000000E+00
    93.500   0.568322E+00  -0.000000E+00
    93.600   0.568326E+00  -0.000000E+00
    93.700   0.568331E+00  -0.000000E+00
    93.800   0.568335E+00  -0.000000E+00
    93.900   0.568340E+00  -0.000000E+00
    94.000   0.568345E+00  -0.000000E+00
    94.100   0.568351E+00  -0.000000E+00
    94.200   0.568356E+00  -0.000000E+00
    94.300   0.568362E+00  -0.000000E+00
    94.400   0.568369E+00  -0.000000E+00
    94.500   0.568375E+00  -0.000000E+00
    94.600   0.568382E+00  -0.000000E+00
    94.700   0.568388E+00  -0.000000E+00
    94.800   0.568395E+00  -0.000000E+00
    94.900   0.568402E+00  -0.000000E+00
    95.000   0.568410E+00  -0.000000E+00
    95.100   0.568417E+00  -0.000000E+00
    95.200   0.568424E+00  -0.000000E+00
    95.300   0.568432E+00  -0.000000E+00
    95.400   0.568439E+00  -0.000000E+00
    95.500   0.568446E+00  -0.000000E+00
    95.600   0.568454E+00  -0.000000E+00
    95.700   0.568461E+00  -0.000000E+00
    95.800   0.568468E+00  -0.000000E+00
    95.900   0.568475E+00  -0.000000E+00
    96.000   0.568482E+00  -0.000000E+00
    96.100   0.568488E+00  -0.000000E+00
    96.200   0.568495E+00  -0.000000E+00
    96.300   0.568501E+00  -0.000000E+00
    96.400   0.568507E+00  -0.000000E+00
    96.500   0.568512E+00  -0.000000E+00
    96.600   0.568517E+00  -0.000000E+00
    96.700   0.568523E+00  -0.000000E+00
    96.800   0.568527E+00  -0.000000E+00
    96.900   0.568532E+00  -0.000000E+00
    97.000   0.568536E+00  -0.000000E+00
    97.100   0.568540E+00  -0.000000E+00
    97.200   0.568543E+00  -0.000000E+00
    97.300   0.568546E+00  -0.000000E+00
    97.400   0.568549E+00  -0.000000E+00
    97.500   0.568552E+00  -0.000000E+00
    97.600   0.568554E+00  -0.000000E+00
    97.700   0.568556E+00  -0.000000E+00
    97.800   0.568558E+00  -0.000000E+00
    97.900   0.568560E+00  -0.000000E+00
    98.000   0.568561E+00  -0.000000E+00
    98.100   0.568562E+00  -0.000000E+00
    98.200   0.568563E+00  -0.000000E+00
    98.300   0.568564E+00  -0.000000E+00
    98.400   0.568565E+00  -0.000000E+00
    98.500   0.568565E+00  -0.000000E+00
    98.600   0.568566E+00  -0.000000E+00
    98.700   0.568566E+00  -0.000000E+00
    98.800   0.568567E+00  -0.000000E+00
    98.900   0.568567E+00  -0.000000E+00
    99.000   0.568568E+00  -0.000000E+00
    99.100   0.568568E+00  -0.000000E+00
    99.200   0.568568E+00  -0.000000E+00
    99.300   0.568569E+00  -0.000000E+00
    99.400   0.568570E+00  -0.000000E+00
    99.500   0.568570E+00  -0.000000E+00
    99.600   0.568571E+00  -0.000000E+00
    99.700   0.568572E+00  -0.000000E+00
    99.800   0.568573E+00  -0.000000E+00
    99.900   0.568574E+00  -0.000000E+00
   100.000   0.568576E+00  -0.000000E+00
