     0.000   0.100000E+01   0.000000E+00   0.000000E+00   0.000000E+00   0.000000E+00   0.000000E+00   0.000000E+00   0.000000E+00
     0.100   0.999596E+00   0.000000E+00   0.000000E+00   0.000000E+00   0.000000E+00   0.000000E+00   0.403752E-03   0.000000E+00
     0.200   0.998397E+00   0.000000E+00   0.000000E+00   0.000000E+00   0.000000E+00   0.000000E+00   0.160299E-02   0.000000E+00
     0.300   0.996427E+00   0.000000E+00   0.000000E+00   0.000000E+00   0.000000E+00   0.000000E+00   0.357318E-02   0.000000E+00
     0.400   0.993719E+00   0.000000E+00   0.000000E+00   0.000000E+00   0.000000E+00   0.000000E+00   0.628070E-02   0.000000E+00
     0.500   0.990317E+00   0.000000E+00   0.000000E+00   0.000000E+00   0.000000E+00   0.000000E+00   0.968313E-02   0.000000E+00
     0.600   0.986270E+00   0.000000E+00   0.000000E+00   0.000000E+00   0.000000E+00   0.000000E+00   0.137300E-01   0.000000E+00
     0.700   0.981636E+00   0.000000E+00   0.000000E+00   0.000000E+00   0.000000E+00   0.000000E+00   0.183637E-01   0.000000E+00
     0.800   0.976479E+00   0.000000E+00   0.000000E+00   0.000000E+00   0.000000E+00   0.000000E+00   0.235213E-01   0.000000E+00
     0.900   0.970865E+00   0.000000E+00   0.000000E+00   0.000000E+00   0.000000E+00   0.000000E+00   0.291352E-01   0.000000E+00
     1.000   0.964865E+00   0.000000E+00   0.000000E+00   0.000000E+00   0.000000E+00   0.000000E+00   0.351353E-01   0.000000E+00
     1.100   0.958551E+00   0.000000E+00   0.000000E+00   0.000000E+00   0.000000E+00   0.000000E+00   0.414494E-01   0.000000E+00
     1.200   0.951994E+00   0.000000E+00   0.000000E+00   0.000000E+00   0.000000E+00   0.000000E+00   0.480058E-01   0.000000E+00
     1.300   0.945267E+00   0.000000E+00   0.000000E+00   0.000000E+00   0.000000E+00   0.000000E+00   0.547330E-01   0.000000E+00
     1.400   0.938438E+00   0.000000E+00   0.000000E+00   0.000000E+00   0.000000E+00   0.000000E+00   0.615622E-01   0.000000E+00
     1.500   0.931573E+00   0.000000E+00   0.000000E+00   0.000000E+00   0.000000E+00   0.000000E+00   0.684270E-01   0.000000E+00
     1.600   0.924735E+00   0.000000E+00   0.000000E+00   0.000000E+00   0.000000E+00   0.000000E+00   0.752648E-01   0.000000E+00
     1.700   0.917983E+00   0.000000E+00   0.000000E+00   0.000000E+00   0.000000E+00   0.000000E+00   0.820170E-01   0.000000E+00
     1.800   0.911370E+00   0.000000E+00   0.000000E+00   0.000000E+00   0.000000E+00   0.000000E+00   0.886299E-01   0.000000E+00
     1.900   0.904946E+00   0.000000E+00   0.000000E+00   0.000000E+00   0.000000E+00   0.000000E+00   0.950544E-01   0.000000E+00
     2.000   0.898754E+00   0.000000E+00   0.000000E+00   0.000000E+00   0.000000E+00   0.000000E+00   0.101246E+00   0.000000E+00
     2.100   0.892876E+00   0.000000E+00   0.000000E+00   0.000000E+00   0.000000E+00   0.000000E+00   0.107124E+00   0.000000E+00
     2.200   0.887260E+00   0.000000E+00   0.000000E+00   0.000000E+00   0.000000E+00   0.000000E+00   0.112740E+00   0.000000E+00
     2.300   0.881980E+00   0.000000E+00   0.000000E+00   0.000000E+00   0.000000E+00   0.000000E+00   0.118020E+00   0.000000E+00
     2.400   0.877059E+00   0.000000E+00   0.000000E+00   0.000000E+00   0.000000E+00   0.000000E+00   0.122941E+00   0.000000E+00
     2.500   0.872518E+00   0.000000E+00   0.000000E+00   0.000000E+00   0.000000E+00   0.000000E+00   0.127482E+00   0.000000E+00
     2.600   0.868414E+00   0.000000E+00   0.000000E+00   0.000000E+00   0.000000E+00   0.000000E+00   0.131586E+00   0.000000E+00
     2.700   0.864677E+00   0.000000E+00   0.000000E+00   0.000000E+00   0.000000E+00   0.000000E+00   0.135323E+00   0.000000E+00
     2.800   0.861356E+00   0.000000E+00   0.000000E+00   0.000000E+00   0.000000E+00   0.000000E+00   0.138644E+00   0.000000E+00
     2.900   0.858458E+00   0.000000E+00   0.000000E+00   0.000000E+00   0.000000E+00   0.000000E+00   0.141542E+00   0.000000E+00
     3.000   0.855984E+00   0.000000E+00   0.000000E+00   0.000000E+00   0.000000E+00   0.000000E+00   0.144016E+00   0.000000E+00
     3.100   0.853933E+00   0.000000E+00   0.000000E+00   0.000000E+00   0.000000E+00   0.000000E+00   0.146067E+00   0.000000E+00
     3.200   0.852301E+00   0.000000E+00   0.000000E+00   0.000000E+00   0.000000E+00   0.000000E+00   0.147699E+00   0.000000E+00
     3.300   0.851082E+00   0.000000E+00   0.000000E+00   0.000000E+00   0.000000E+00   0.000000E+00   0.148918E+00   0.000000E+00
     3.400   0.850267E+00   0.000000E+00   0.000000E+00   0.000000E+00   0.000000E+00   0.000000E+00   0.149733E+00   0.000000E+00
     3.500   0.849843E+00   0.000000E+00   0.000000E+00   0.000000E+00   0.000000E+00   0.000000E+00   0.150157E+00   0.000000E+00
     3.600   0.849799E+00   0.000000E+00   0.000000E+00   0.000000E+00   0.000000E+00   0.000000E+00   0.150201E+00   0.000000E+00
     3.700   0.850117E+00   0.000000E+00   0.000000E+00   0.000000E+00   0.000000E+00   0.000000E+00   0.149883E+00   0.000000E+00
     3.800   0.850778E+00   0.000000E+00   0.000000E+00   0.000000E+00   0.000000E+00   0.000000E+00   0.149222E+00   0.000000E+00
     3.900   0.851763E+00   0.000000E+00   0.000000E+00   0.000000E+00   0.000000E+00   0.000000E+00   0.148237E+00   0.000000E+00
     4.000   0.853049E+00   0.000000E+00   0.000000E+00   0.000000E+00   0.000000E+00   0.000000E+00   0.146951E+00   0.000000E+00
     4.100   0.854619E+00   0.000000E+00   0.000000E+00   0.000000E+00   0.000000E+00   0.000000E+00   0.145381E+00   0.000000E+00
     4.200   0.856429E+00   0.000000E+00   0.000000E+00   0.000000E+00   0.000000E+00   0.000000E+00   0.143571E+00   0.000000E+00
     4.300   0.858458E+00   0.000000E+00   0.000000E+00   0.000000E+00   0.000000E+00   0.000000E+00   0.141542E+00   0.000000E+00
     4.400   0.860725E+00   0.000000E+00   0.000000E+00   0.000000E+00   0.000000E+00   0.000000E+00   0.139275E+00   0.000000E+00
     4.500   0.863100E+00   0.000000E+00   0.000000E+00   0.000000E+00   0.000000E+00   0.000000E+00   0.136900E+00   0.000000E+00
     4.600   0.865608E+00   0.000000E+00   0.000000E+00   0.000000E+00   0.000000E+00   0.000000E+00   0.134392E+00   0.000000E+00
     4.700   0.868192E+00   0.000000E+00   0.000000E+00   0.000000E+00   0.000000E+00   0.000000E+00   0.131808E+00   0.000000E+00
     4.800   0.870828E+00   0.000000E+00   0.000000E+00   0.000000E+00   0.000000E+00   0.000000E+00   0.129172E+00   0.000000E+00
     4.900   0.873479E+00   0.000000E+00   0.000000E+00   0.000000E+00   0.000000E+00   0.000000E+00   0.126521E+00   0.000000E+00
     5.000   0.876106E+00   0.000000E+00   0.000000E+00   0.000000E+00   0.000000E+00   0.000000E+00   0.123894E+00   0.000000E+00
     5.100   0.878684E+00   0.000000E+00   0.000000E+00   0.000000E+00   0.000000E+00   0.000000E+00   0.121316E+00   0.000000E+00
     5.200   0.881156E+00   0.000000E+00   0.000000E+00   0.000000E+00   0.000000E+00   0.000000E+00   0.118844E+00   0.000000E+00
     5.300   0.883496E+00   0.000000E+00   0.000000E+00   0.000000E+00   0.000000E+00   0.000000E+00   0.116504E+00   0.000000E+00
     5.400   0.885671E+00   0.000000E+00   0.000000E+00   0.000000E+00   0.000000E+00   0.000000E+00   0.114329E+00   0.000000E+00
     5.500   0.887649E+00   0.000000E+00   0.000000E+00   0.000000E+00   0.000000E+00   0.000000E+00   0.112351E+00   0.000000E+00
     5.600   0.889401E+00   0.000000E+00   0.000000E+00   0.000000E+00   0.000000E+00   0.000000E+00   0.110599E+00   0.000000E+00
     5.700   0.890899E+00   0.000000E+00   0.000000E+00   0.000000E+00   0.000000E+00   0.000000E+00   0.109101E+00   0.000000E+00
     5.800   0.892120E+00   0.000000E+00   0.000000E+00   0.000000E+00   0.000000E+00   0.000000E+00   0.107880E+00   0.000000E+00
     5.900   0.893045E+00   0.000000E+00   0.000000E+00   0.000000E+00   0.000000E+00   0.000000E+00   0.106955E+00   0.000000E+00
     6.000   0.893657E+00   0.000000E+00   0.000000E+00   0.000000E+00   0.000000E+00   0.000000E+00   0.106343E+00   0.000000E+00
     6.100   0.893945E+00   0.000000E+00   0.000000E+00   0.000000E+00   0.000000E+00   0.000000E+00   0.106055E+00   0.000000E+00
     6.200   0.893901E+00   0.000000E+00   0.000000E+00   0.000000E+00   0.000000E+00   0.000000E+00   0.106099E+00   0.000000E+00
     6.300   0.893521E+00   0.000000E+00   0.000000E+00   0.000000E+00   0.000000E+00   0.000000E+00   0.106479E+00   0.000000E+00
     6.400   0.892807E+00   0.000000E+00   0.000000E+00   0.000000E+00   0.000000E+00   0.000000E+00   0.107193E+00   0.000000E+00
     6.500   0.891764E+00   0.000000E+00   0.000000E+00   0.000000E+00   0.000000E+00   0.000000E+00   0.108236E+00   0.000000E+00
     6.600   0.890400E+00   0.000000E+00   0.000000E+00   0.000000E+00   0.000000E+00   0.000000E+00   0.109600E+00   0.000000E+00
     6.700   0.888729E+00   0.000000E+00   0.000000E+00   0.000000E+00   0.000000E+00   0.000000E+00   0.111271E+00   0.000000E+00
     6.800   0.886766E+00   0.000000E+00   0.000000E+00   0.000000E+00   0.000000E+00   0.000000E+00   0.113234E+00   0.000000E+00
     6.900   0.884531E+00   0.000000E+00   0.000000E+00   0.000000E+00   0.000000E+00   0.000000E+00   0.115469E+00   0.000000E+00
     7.000   0.882047E+00   0.000000E+00   0.000000E+00   0.000000E+00   0.000000E+00   0.000000E+00   0.117953E+00   0.000000E+00
     7.100   0.879338E+00   0.000000E+00   0.000000E+00   0.000000E+00   0.000000E+00   0.000000E+00   0.120662E+00   0.000000E+00
     7.200   0.876429E+00   0.000000E+00   0.000000E+00   0.000000E+00   0.000000E+00   0.000000E+00   0.123571E+00   0.000000E+00
     7.300   0.873348E+00   0.000000E+00   0.000000E+00   0.000000E+00   0.000000E+00   0.000000E+00   0.126652E+00   0.000000E+00
     7.400   0.870124E+00   0.000000E+00   0.000000E+00   0.000000E+00   0.000000E+00   0.000000E+00   0.129876E+00   0.000000E+00
     7.500   0.866785E+00   0.000000E+00   0.000000E+00   0.000000E+00   0.000000E+00   0.000000E+00   0.133215E+00   0.000000E+00
     7.600   0.863361E+00   0.000000E+00   0.000000E+00   0.000000E+00   0.000000E+00   0.000000E+00   0.136639E+00   0.000000E+00
     7.700   0.859881E+00   0.000000E+00   0.000000E+00   0.000000E+00   0.000000E+00   0.000000E+00   0.140119E+00   0.000000E+00
     7.800   0.856371E+00   0.000000E+00   0.000000E+00   0.000000E+00   0.000000E+00   0.000000E+00   0.143629E+00   0.000000E+00
     7.900   0.852861E+00   0.000000E+00   0.000000E+00   0.000000E+00   0.000000E+00   0.000000E+00   0.147139E+00   0.000000E+00
     8.000   0.849375E+00   0.000000E+00   0.000000E+00   0.000000E+00   0.000000E+00   0.000000E+00   0.150625E+00   0.000000E+00
     8.100   0.845937E+00   0.000000E+00   0.000000E+00   0.000000E+00   0.000000E+00   0.000000E+00   0.154063E+00   0.000000E+00
     8.200   0.842581E+00   0.000000E+00   0.000000E+00   0.000000E+00   0.000000E+00   0.000000E+00   0.157419E+00   0.000000E+00
     8.300   0.839309E+00   0.000000E+00   0.000000E+00   0.000000E+00   0.000000E+00   0.000000E+00   0.160691E+00   0.000000E+00
     8.400   0.836149E+00   0.000000E+00   0.000000E+00   0.000000E+00   0.000000E+00   0.000000E+00   0.163851E+00   0.000000E+00
     8.500   0.833119E+00   0.000000E+00   0.000000E+00   0.000000E+00   0.000000E+00   0.000000E+00   0.166881E+00   0.000000E+00
     8.600   0.830234E+00   0.000000E+00   0.000000E+00   0.000000E+00   0.000000E+00   0.000000E+00   0.169766E+00   0.000000E+00
     8.700   0.827516E+00   0.000000E+00   0.000000E+00   0.000000E+00   0.000000E+00   0.000000E+00   0.172484E+00   0.000000E+00
     8.800   0.824960E+00   0.000000E+00   0.000000E+00   0.000000E+00   0.000000E+00   0.000000E+00   0.175040E+00   0.000000E+00
     8.900   0.822583E+00   0.000000E+00   0.000000E+00   0.000000E+00   0.000000E+00   0.000000E+00   0.177417E+00   0.000000E+00
     9.000   0.820394E+00   0.000000E+00   0.000000E+00   0.000000E+00   0.000000E+00   0.000000E+00   0.179606E+00   0.000000E+00
     9.100   0.818398E+00   0.000000E+00   0.000000E+00   0.000000E+00   0.000000E+00   0.000000E+00   0.181602E+00   0.000000E+00
     9.200   0.816607E+00   0.000000E+00   0.000000E+00   0.000000E+00   0.000000E+00   0.000000E+00   0.183393E+00   0.000000E+00
     9.300   0.815007E+00   0.000000E+00   0.000000E+00   0.000000E+00   0.000000E+00   0.000000E+00   0.184993E+00   0.000000E+00
     9.400   0.813607E+00   0.000000E+00   0.000000E+00   0.000000E+00   0.000000E+00   0.000000E+00   0.186393E+00   0.000000E+00
     9.500   0.812404E+00   0.000000E+00   0.000000E+00   0.000000E+00   0.000000E+00   0.000000E+00   0.187596E+00   0.000000E+00
     9.600   0.811398E+00   0.000000E+00   0.000000E+00   0.000000E+00   0.000000E+00   0.000000E+00   0.188602E+00   0.000000E+00
     9.700   0.810583E+00   0.000000E+00   0.000000E+00   0.000000E+00   0.000000E+00   0.000000E+00   0.189417E+00   0.000000E+00
     9.800   0.809953E+00   0.000000E+00   0.000000E+00   0.000000E+00   0.000000E+00   0.000000E+00   0.190047E+00   0.000000E+00
     9.900   0.809502E+00   0.000000E+00   0.000000E+00   0.000000E+00   0.000000E+00   0.000000E+00   0.190498E+00   0.000000E+00
    10.000   0.809220E+00   0.000000E+00   0.000000E+00   0.000000E+00   0.000000E+00   0.000000E+00   0.190780E+00   0.000000E+00
    10.100   0.809099E+00   0.000000E+00   0.000000E+00   0.000000E+00   0.000000E+00   0.000000E+00   0.190901E+00   0.000000E+00
    10.200   0.809128E+00   0.000000E+00   0.000000E+00   0.000000E+00   0.000000E+00   0.000000E+00   0.190872E+00   0.000000E+00
    10.300   0.809294E+00   0.000000E+00   0.000000E+00   0.000000E+00   0.000000E+00   0.000000E+00   0.190706E+00   0.000000E+00
    10.400   0.809584E+00   0.000000E+00   0.000000E+00   0.000000E+00   0.000000E+00   0.000000E+00   0.190416E+00   0.000000E+00
    10.500   0.809985E+00   0.000000E+00   0.000000E+00   0.000000E+00   0.000000E+00   0.000000E+00   0.190015E+00   0.000000E+00
    10.600   0.810483E+00   0.000000E+00   0.000000E+00   0.000000E+00   0.000000E+00   0.000000E+00   0.189517E+00   0.000000E+00
    10.700   0.811061E+00   0.000000E+00   0.000000E+00   0.000000E+00   0.000000E+00   0.000000E+00   0.188939E+00   0.000000E+00
    10.800   0.811704E+00   0.000000E+00   0.000000E+00   0.000000E+00   0.000000E+00   0.000000E+00   0.188296E+00   0.000000E+00
    10.900   0.812395E+00   0.000000E+00   0.000000E+00   0.000000E+00   0.000000E+00   0.000000E+00   0.187605E+00   0.000000E+00
    11.000   0.813118E+00   0.000000E+00   0.000000E+00   0.000000E+00   0.000000E+00   0.000000E+00   0.186882E+00   0.000000E+00
    11.100   0.813857E+00   0.000000E+00   0.000000E+00   0.000000E+00   0.000000E+00   0.000000E+00   0.186143E+00   0.000000E+00
    11.200   0.814594E+00   0.000000E+00   0.000000E+00   0.000000E+00   0.000000E+00   0.000000E+00   0.185406E+00   0.000000E+00
    11.300   0.815314E+00   0.000000E+00   0.000000E+00   0.000000E+00   0.000000E+00   0.000000E+00   0.184686E+00   0.000000E+00
    11.400   0.815999E+00   0.000000E+00   0.000000E+00   0.000000E+00   0.000000E+00   0.000000E+00   0.184001E+00   0.000000E+00
    11.500   0.816635E+00   0.000000E+00   0.000000E+00   0.000000E+00   0.000000E+00   0.000000E+00   0.183365E+00   0.000000E+00
    11.600   0.817206E+00   0.000000E+00   0.000000E+00   0.000000E+00   0.000000E+00   0.000000E+00   0.182794E+00   0.000000E+00
    11.700   0.817699E+00   0.000000E+00   0.000000E+00   0.000000E+00   0.000000E+00   0.000000E+00   0.182301E+00   0.000000E+00
    11.800   0.818100E+00   0.000000E+00   0.000000E+00   0.000000E+00   0.000000E+00   0.000000E+00   0.181900E+00   0.000000E+00
    11.900   0.818398E+00   0.000000E+00   0.000000E+00   0.000000E+00   0.000000E+00   0.000000E+00   0.181602E+00   0.000000E+00
    12.000   0.818582E+00   0.000000E+00   0.000000E+00   0.000000E+00   0.000000E+00   0.000000E+00   0.181418E+00   0.000000E+00
    12.100   0.818644E+00   0.000000E+00   0.000000E+00   0.000000E+00   0.000000E+00   0.000000E+00   0.181356E+00   0.000000E+00
    12.200   0.818576E+00   0.000000E+00   0.000000E+00   0.000000E+00   0.000000E+00   0.000000E+00   0.181424E+00   0.000000E+00
    12.300   0.818371E+00   0.000000E+00   0.000000E+00   0.000000E+00   0.000000E+00   0.000000E+00   0.181629E+00   0.000000E+00
    12.400   0.818026E+00   0.000000E+00   0.000000E+00   0.000000E+00   0.000000E+00   0.000000E+00   0.181974E+00   0.000000E+00
    12.500   0.817539E+00   0.000000E+00   0.000000E+00   0.000000E+00   0.000000E+00   0.000000E+00   0.182461E+00   0.000000E+00
    12.600   0.816907E+00   0.000000E+00   0.000000E+00   0.000000E+00   0.000000E+00   0.000000E+00   0.183093E+00   0.000000E+00
    12.700   0.816133E+00   0.000000E+00   0.000000E+00   0.000000E+00   0.000000E+00   0.000000E+00   0.183867E+00   0.000000E+00
    12.800   0.815218E+00   0.000000E+00   0.000000E+00   0.000000E+00   0.000000E+00   0.000000E+00   0.184782E+00   0.000000E+00
    12.900   0.814166E+00   0.000000E+00   0.000000E+00   0.000000E+00   0.000000E+00   0.000000E+00   0.185834E+00   0.000000E+00
    13.000   0.812984E+00   0.000000E+00   0.000000E+00   0.000000E+00   0.000000E+00   0.000000E+00   0.187016E+00   0.000000E+00
    13.100   0.811677E+00   0.000000E+00   0.000000E+00   0.000000E+00   0.000000E+00   0.000000E+00   0.188323E+00   0.000000E+00
    13.200   0.810253E+00   0.000000E+00   0.000000E+00   0.000000E+00   0.000000E+00   0.000000E+00   0.189747E+00   0.000000E+00
    13.300   0.808722E+00   0.000000E+00   0.000000E+00   0.000000E+00   0.000000E+00   0.000000E+00   0.191278E+00   0.000000E+00
    13.400   0.807094E+00   0.000000E+00   0.000000E+00   0.000000E+00   0.000000E+00   0.000000E+00   0.192906E+00   0.000000E+00
    13.500   0.805378E+00   0.000000E+00   0.000000E+00   0.000000E+00   0.000000E+00   0.000000E+00   0.194622E+00   0.000000E+00
    13.600   0.803588E+00   0.000000E+00   0.000000E+00   0.000000E+00   0.000000E+00   0.000000E+00   0.196412E+00   0.000000E+00
    13.700   0.801734E+00   0.000000E+00   0.000000E+00   0.000000E+00   0.000000E+00   0.000000E+00   0.198266E+00   0.000000E+00
    13.800   0.799828E+00   0.000000E+00   0.000000E+00   0.000000E+00   0.000000E+00   0.000000E+00   0.200172E+00   0.000000E+00
    13.900   0.797883E+00   0.000000E+00   0.000000E+00   0.000000E+00   0.000000E+00   0.000000E+00   0.202117E+00   0.000000E+00
    14.000   0.795911E+00   0.000000E+00   0.000000E+00   0.000000E+00   0.000000E+00   0.000000E+00   0.204089E+00   0.000000E+00
    14.100   0.793924E+00   0.000000E+00   0.000000E+00   0.000000E+00   0.000000E+00   0.000000E+00   0.206076E+00   0.000000E+00
    14.200   0.791934E+00   0.000000E+00   0.000000E+00   0.000000E+00   0.000000E+00   0.000000E+00   0.208066E+00   0.000000E+00
    14.300   0.789952E+00   0.000000E+00   0.000000E+00   0.000000E+00   0.000000E+00   0.000000E+00   0.210048E+00   0.000000E+00
    14.400   0.787990E+00   0.000000E+00   0.000000E+00   0.000000E+00   0.000000E+00   0.000000E+00   0.212010E+00   0.000000E+00
    14.500   0.786056E+00   0.000000E+00   0.000000E+00   0.000000E+00   0.000000E+00   0.000000E+00   0.213944E+00   0.000000E+00
    14.600   0.784162E+00   0.000000E+00   0.000000E+00   0.000000E+00   0.000000E+00   0.000000E+00   0.215838E+00   0.000000E+00
    14.700   0.782317E+00   0.000000E+00   0.000000E+00   0.000000E+00   0.000000E+00   0.000000E+00   0.217683E+00   0.000000E+00
    14.800   0.780528E+00   0.000000E+00   0.000000E+00   0.000000E+00   0.000000E+00   0.000000E+00   0.219472E+00   0.000000E+00
    14.900   0.778802E+00   0.000000E+00   0.000000E+00   0.000000E+00   0.000000E+00   0.000000E+00   0.221198E+00   0.000000E+00
    15.000   0.777147E+00   0.000000E+00   0.000000E+00   0.000000E+00   0.000000E+00   0.000000E+00   0.222853E+00   0.000000E+00
    15.100   0.775568E+00   0.000000E+00   0.000000E+00   0.000000E+00   0.000000E+00   0.000000E+00   0.224432E+00   0.000000E+00
    15.200   0.774070E+00   0.000000E+00   0.000000E+00   0.000000E+00   0.000000E+00   0.000000E+00   0.225930E+00   0.000000E+00
    15.300   0.772656E+00   0.000000E+00   0.000000E+00   0.000000E+00   0.000000E+00   0.000000E+00   0.227344E+00   0.000000E+00
    15.400   0.771330E+00   0.000000E+00   0.000000E+00   0.000000E+00   0.000000E+00   0.000000E+00   0.228670E+00   0.000000E+00
    15.500   0.770094E+00   0.000000E+00   0.000000E+00   0.000000E+00   0.000000E+00   0.000000E+00   0.229906E+00   0.000000E+00
    15.600   0.768949E+00   0.000000E+00   0.000000E+00   0.000000E+00   0.000000E+00   0.000000E+00   0.231051E+00   0.000000E+00
    15.700   0.767895E+00   0.000000E+00   0.000000E+00   0.000000E+00   0.000000E+00   0.000000E+00   0.232105E+00   0.000000E+00
    15.800   0.766932E+00   0.000000E+00   0.000000E+00   0.000000E+00   0.000000E+00   0.000000E+00   0.233068E+00   0.000000E+00
    15.900   0.766059E+00   0.000000E+00   0.000000E+00   0.000000E+00   0.000000E+00   0.000000E+00   0.233941E+00   0.000000E+00
    16.000   0.765273E+00   0.000000E+00   0.000000E+00   0.000000E+00   0.000000E+00   0.000000E+00   0.234727E+00   0.000000E+00
    16.100   0.764573E+00   0.000000E+00   0.000000E+00   0.000000E+00   0.000000E+00   0.000000E+00   0.235427E+00   0.000000E+00
    16.200   0.763954E+00   0.000000E+00   0.000000E+00   0.000000E+00   0.000000E+00   0.000000E+00   0.236046E+00   0.000000E+00
    16.300   0.763413E+00   0.000000E+00   0.000000E+00   0.000000E+00   0.000000E+00   0.000000E+00   0.236587E+00   0.000000E+00
    16.400   0.762944E+00   0.000000E+00   0.000000E+00   0.000000E+00   0.000000E+00   0.000000E+00   0.237056E+00   0.000000E+00
    16.500   0.762543E+00   0.000000E+00   0.000000E+00   0.000000E+00   0.000000E+00   0.000000E+00   0.237457E+00   0.000000E+00
    16.600   0.762205E+00   0.000000E+00   0.000000E+00   0.000000E+00   0.000000E+00   0.000000E+00   0.237795E+00   0.000000E+00
    16.700   0.761921E+00   0.000000E+00   0.000000E+00   0.000000E+00   0.000000E+00   0.000000E+00   0.238079E+00   0.000000E+00
    16.800   0.761688E+00   0.000000E+00   0.000000E+00   0.000000E+00   0.000000E+00   0.000000E+00   0.238312E+00   0.000000E+00
    16.900   0.761496E+00   0.000000E+00   0.000000E+00   0.000000E+00   0.000000E+00   0.000000E+00   0.238504E+00   0.000000E+00
    17.000   0.761340E+00   0.000000E+00   0.000000E+00   0.000000E+00   0.000000E+00   0.000000E+00   0.238660E+00   0.000000E+00
    17.100   0.761211E+00   0.000000E+00   0.000000E+00   0.000000E+00   0.000000E+00   0.000000E+00   0.238789E+00   0.000000E+00
    17.200   0.761103E+00   0.000000E+00   0.000000E+00   0.000000E+00   0.000000E+00   0.000000E+00   0.238897E+00   0.000000E+00
    17.300   0.761008E+00   0.000000E+00   0.000000E+00   0.000000E+00   0.000000E+00   0.000000E+00   0.238992E+00   0.000000E+00
    17.400   0.760918E+00   0.000000E+00   0.000000E+00   0.000000E+00   0.000000E+00   0.000000E+00   0.239082E+00   0.000000E+00
    17.500   0.760826E+00   0.000000E+00   0.000000E+00   0.000000E+00   0.000000E+00   0.000000E+00   0.239174E+00   0.000000E+00
    17.600   0.760725E+00   0.000000E+00   0.000000E+00   0.000000E+00   0.000000E+00   0.000000E+00   0.239275E+00   0.000000E+00
    17.700   0.760608E+00   0.000000E+00   0.000000E+00   0.000000E+00   0.000000E+00   0.000000E+00   0.239392E+00   0.000000E+00
    17.800   0.760468E+00   0.000000E+00   0.000000E+00   0.000000E+00   0.000000E+00   0.000000E+00   0.239532E+00   0.000000E+00
    17.900   0.760299E+00   0.000000E+00   0.000000E+00   0.000000E+00   0.000000E+00   0.000000E+00   0.239701E+00   0.000000E+00
    18.000   0.760095E+00   0.000000E+00   0.000000E+00   0.000000E+00   0.000000E+00   0.000000E+00   0.239905E+00   0.000000E+00
    18.100   0.759850E+00   0.000000E+00   0.000000E+00   0.000000E+00   0.000000E+00   0.000000E+00   0.240150E+00   0.000000E+00
    18.200   0.759560E+00   0.000000E+00   0.000000E+00   0.000000E+00   0.000000E+00   0.000000E+00   0.240440E+00   0.000000E+00
    18.300   0.759220E+00   0.000000E+00   0.000000E+00   0.000000E+00   0.000000E+00   0.000000E+00   0.240780E+00   0.000000E+00
    18.400   0.758827E+00   0.000000E+00   0.000000E+00   0.000000E+00   0.000000E+00   0.000000E+00   0.241173E+00   0.000000E+00
    18.500   0.758378E+00   0.000000E+00   0.000000E+00   0.000000E+00   0.000000E+00   0.000000E+00   0.241622E+00   0.000000E+00
    18.600   0.757870E+00   0.000000E+00   0.000000E+00   0.000000E+00   0.000000E+00   0.000000E+00   0.242130E+00   0.000000E+00
    18.700   0.757302E+00   0.000000E+00   0.000000E+00   0.000000E+00   0.000000E+00   0.000000E+00   0.242698E+00   0.000000E+00
    18.800   0.756673E+00   0.000000E+00   0.000000E+00   0.000000E+00   0.000000E+00   0.000000E+00   0.243327E+00   0.000000E+00
    18.900   0.755982E+00   0.000000E+00   0.000000E+00   0.000000E+00   0.000000E+00   0.000000E+00   0.244018E+00   0.000000E+00
    19.000   0.755231E+00   0.000000E+00   0.000000E+00   0.000000E+00   0.000000E+00   0.000000E+00   0.244769E+00   0.000000E+00
    19.100   0.754420E+00   0.000000E+00   0.000000E+00   0.000000E+00   0.000000E+00   0.000000E+00   0.245580E+00   0.000000E+00
    19.200   0.753550E+00   0.000000E+00   0.000000E+00   0.000000E+00   0.000000E+00   0.000000E+00   0.246450E+00   0.000000E+00
    19.300   0.752625E+00   0.000000E+00   0.000000E+00   0.000000E+00   0.000000E+00   0.000000E+00   0.247375E+00   0.000000E+00
    19.400   0.751647E+00   0.000000E+00   0.000000E+00   0.000000E+00   0.000000E+00   0.000000E+00   0.248353E+00   0.000000E+00
    19.500   0.750620E+00   0.000000E+00   0.000000E+00   0.000000E+00   0.000000E+00   0.000000E+00   0.249380E+00   0.000000E+00
    19.600   0.749546E+00   0.000000E+00   0.000000E+00   0.000000E+00   0.000000E+00   0.000000E+00   0.250454E+00   0.000000E+00
    19.700   0.748431E+00   0.000000E+00   0.000000E+00   0.000000E+00   0.000000E+00   0.000000E+00   0.251569E+00   0.000000E+00
    19.800   0.747279E+00   0.000000E+00   0.000000E+00   0.000000E+00   0.000000E+00   0.000000E+00   0.252721E+00   0.000000E+00
    19.900   0.746094E+00   0.000000E+00   0.000000E+00   0.000000E+00   0.000000E+00   0.000000E+00   0.253906E+00   0.000000E+00
    20.000   0.744882E+00   0.000000E+00   0.000000E+00   0.000000E+00   0.000000E+00   0.000000E+00   0.255118E+00   0.000000E+00
    20.100   0.743648E+00   0.000000E+00   0.000000E+00   0.000000E+00   0.000000E+00   0.000000E+00   0.256352E+00   0.000000E+00
    20.200   0.742396E+00   0.000000E+00   0.000000E+00   0.000000E+00   0.000000E+00   0.000000E+00   0.257604E+00   0.000000E+00
    20.300   0.741133E+00   0.000000E+00   0.000000E+00   0.000000E+00   0.000000E+00   0.000000E+00   0.258867E+00   0.000000E+00
    20.400   0.739863E+00   0.000000E+00   0.000000E+00   0.000000E+00   0.000000E+00   0.000000E+00   0.260137E+00   0.000000E+00
    20.500   0.738591E+00   0.000000E+00   0.000000E+00   0.000000E+00   0.000000E+00   0.000000E+00   0.261409E+00   0.000000E+00
    20.600   0.737323E+00   0.000000E+00   0.000000E+00   0.000000E+00   0.000000E+00   0.000000E+00   0.262677E+00   0.000000E+00
    20.700   0.736063E+00   0.000000E+00   0.000000E+00   0.000000E+00   0.000000E+00   0.000000E+00   0.263937E+00   0.000000E+00
    20.800   0.734816E+00   0.000000E+00   0.000000E+00   0.000000E+00   0.000000E+00   0.000000E+00   0.265184E+00   0.000000E+00
    20.900   0.733586E+00   0.000000E+00   0.000000E+00   0.000000E+00   0.000000E+00   0.000000E+00   0.266414E+00   0.000000E+00
    21.000   0.732377E+00   0.000000E+00   0.000000E+00   0.000000E+00   0.000000E+00   0.000000E+00   0.267623E+00   0.000000E+00
    21.100   0.731193E+00   0.000000E+00   0.000000E+00   0.000000E+00   0.000000E+00   0.000000E+00   0.268807E+00   0.000000E+00
    21.200   0.730037E+00   0.000000E+00   0.000000E+00   0.000000E+00   0.000000E+00   0.000000E+00   0.269963E+00   0.000000E+00
    21.300   0.728913E+00   0.000000E+00   0.000000E+00   0.000000E+00   0.000000E+00   0.000000E+00   0.271087E+00   0.000000E+00
    21.400   0.727821E+00   0.000000E+00   0.000000E+00   0.000000E+00   0.000000E+00   0.000000E+00   0.272179E+00   0.000000E+00
    21.500   0.726766E+00   0.000000E+00   0.000000E+00   0.000000E+00   0.000000E+00   0.000000E+00   0.273234E+00   0.000000E+00
    21.600   0.725749E+00   0.000000E+00   0.000000E+00   0.000000E+00   0.000000E+00   0.000000E+00   0.274251E+00   0.000000E+00
    21.700   0.724771E+00   0.000000E+00   0.000000E+00   0.000000E+00   0.000000E+00   0.000000E+00   0.275229E+00   0.000000E+00
    21.800   0.723833E+00   0.000000E+00   0.000000E+00   0.000000E+00   0.000000E+00   0.000000E+00   0.276167E+00   0.000000E+00
    21.900   0.722935E+00   0.000000E+00   0.000000E+00   0.000000E+00   0.000000E+00   0.000000E+00   0.277065E+00   0.000000E+00
    22.000   0.722079E+00   0.000000E+00   0.000000E+00   0.000000E+00   0.000000E+00   0.000000E+00   0.277921E+00   0.000000E+00
    22.100   0.721264E+00   0.000000E+00   0.000000E+00   0.000000E+00   0.000000E+00   0.000000E+00   0.278736E+00   0.000000E+00
    22.200   0.720489E+00   0.000000E+00   0.000000E+00   0.000000E+00   0.000000E+00   0.000000E+00   0.279511E+00   0.000000E+00
    22.300   0.719753E+00   0.000000E+00   0.000000E+00   0.000000E+00   0.000000E+00   0.000000E+00   0.280247E+00   0.000000E+00
    22.400   0.719055E+00   0.000000E+00   0.000000E+00   0.000000E+00   0.000000E+00   0.000000E+00   0.280945E+00   0.000000E+00
    22.500   0.718395E+00   0.000000E+00   0.000000E+00   0.000000E+00   0.000000E+00   0.000000E+00   0.281605E+00   0.000000E+00
    22.600   0.717768E+00   0.000000E+00   0.000000E+00   0.000000E+00   0.000000E+00   0.000000E+00   0.282232E+00   0.000000E+00
    22.700   0.717175E+00   0.000000E+00   0.000000E+00   0.000000E+00   0.000000E+00   0.000000E+00   0.282825E+00   0.000000E+00
    22.800   0.716612E+00   0.000000E+00   0.000000E+00   0.000000E+00   0.000000E+00   0.000000E+00   0.283388E+00   0.000000E+00
    22.900   0.716076E+00   0.000000E+00   0.000000E+00   0.000000E+00   0.000000E+00   0.000000E+00   0.283924E+00   0.000000E+00
    23.000   0.715566E+00   0.000000E+00   0.000000E+00   0.000000E+00   0.000000E+00   0.000000E+00   0.284434E+00   0.000000E+00
    23.100   0.715077E+00   0.000000E+00   0.000000E+00   0.000000E+00   0.000000E+00   0.000000E+00   0.284923E+00   0.000000E+00
    23.200   0.714608E+00   0.000000E+00   0.000000E+00   0.000000E+00   0.000000E+00   0.000000E+00   0.285392E+00   0.000000E+00
    23.300   0.714154E+00   0.000000E+00   0.000000E+00   0.000000E+00   0.000000E+00   0.000000E+00   0.285846E+00   0.000000E+00
    23.400   0.713712E+00   0.000000E+00   0.000000E+00   0.000000E+00   0.000000E+00   0.000000E+00   0.286288E+00   0.000000E+00
    23.500   0.713280E+00   0.000000E+00   0.000000E+00   0.000000E+00   0.000000E+00   0.000000E+00   0.286720E+00   0.000000E+00
    23.600   0.712853E+00   0.000000E+00   0.000000E+00   0.000000E+00   0.000000E+00   0.000000E+00   0.287147E+00   0.000000E+00
    23.700   0.712430E+00   0.000000E+00   0.000000E+00   0.000000E+00   0.000000E+00   0.000000E+00   0.287570E+00   0.000000E+00
    23.800   0.712005E+00   0.000000E+00   0.000000E+00   0.000000E+00   0.000000E+00   0.000000E+00   0.287995E+00   0.000000E+00
    23.900   0.711577E+00   0.000000E+00   0.000000E+00   0.000000E+00   0.000000E+00   0.000000E+00   0.288423E+00   0.000000E+00
    24.000   0.711142E+00   0.000000E+00   0.000000E+00   0.000000E+00   0.000000E+00   0.000000E+00   0.288858E+00   0.000000E+00
    24.100   0.710698E+00   0.000000E+00   0.000000E+00   0.000000E+00   0.000000E+00   0.000000E+00   0.289302E+00   0.000000E+00
    24.200   0.710241E+00   0.000000E+00   0.000000E+00   0.000000E+00   0.000000E+00   0.000000E+00   0.289759E+00   0.000000E+00
    24.300   0.709769E+00   0.000000E+00   0.000000E+00   0.000000E+00   0.000000E+00   0.000000E+00   0.290231E+00   0.000000E+00
    24.400   0.709281E+00   0.000000E+00   0.000000E+00   0.000000E+00   0.000000E+00   0.000000E+00   0.290719E+00   0.000000E+00
    24.500   0.708773E+00   0.000000E+00   0.000000E+00   0.000000E+00   0.000000E+00   0.000000E+00   0.291227E+00   0.000000E+00
    24.600   0.708245E+00   0.000000E+00   0.000000E+00   0.000000E+00   0.000000E+00   0.000000E+00   0.291755E+00   0.000000E+00
    24.700   0.707695E+00   0.000000E+00   0.000000E+00   0.000000E+00   0.000000E+00   0.000000E+00   0.292305E+00   0.000000E+00
    24.800   0.707121E+00   0.000000E+00   0.000000E+00   0.000000E+00   0.000000E+00   0.000000E+00   0.292879E+00   0.000000E+00
    24.900   0.706522E+00   0.000000E+00   0.000000E+00   0.000000E+00   0.000000E+00   0.000000E+00   0.293478E+00   0.000000E+00
    25.000   0.705898E+00   0.000000E+00   0.000000E+00   0.000000E+00   0.000000E+00   0.000000E+00   0.294102E+00   0.000000E+00
    25.100   0.705249E+00   0.000000E+00   0.000000E+00   0.000000E+00   0.000000E+00   0.000000E+00   0.294751E+00   0.000000E+00
    25.200   0.704574E+00   0.000000E+00   0.000000E+00   0.000000E+00   0.000000E+00   0.000000E+00   0.295426E+00   0.000000E+00
    25.300   0.703874E+00   0.000000E+00   0.000000E+00   0.000000E+00   0.000000E+00   0.000000E+00   0.296126E+00   0.000000E+00
    25.400   0.703149E+00   0.000000E+00   0.000000E+00   0.000000E+00   0.000000E+00   0.000000E+00   0.296851E+00   0.000000E+00
    25.500   0.702400E+00   0.000000E+00   0.000000E+00   0.000000E+00   0.000000E+00   0.000000E+00   0.297600E+00   0.000000E+00
    25.600   0.701628E+00   0.000000E+00   0.000000E+00   0.000000E+00   0.000000E+00   0.000000E+00   0.298372E+00   0.000000E+00
    25.700   0.700834E+00   0.000000E+00   0.000000E+00   0.000000E+00   0.000000E+00   0.000000E+00   0.299166E+00   0.000000E+00
    25.800   0.700019E+00   0.000000E+00   0.000000E+00   0.000000E+00   0.000000E+00   0.000000E+00   0.299981E+00   0.000000E+00
    25.900   0.699185E+00   0.000000E+00   0.000000E+00   0.000000E+00   0.000000E+00   0.000000E+00   0.300815E+00   0.000000E+00
    26.000   0.698333E+00   0.000000E+00   0.000000E+00   0.000000E+00   0.000000E+00   0.000000E+00   0.301667E+00   0.000000E+00
    26.100   0.697467E+00   0.000000E+00   0.000000E+00   0.000000E+00   0.000000E+00   0.000000E+00   0.302533E+00   0.000000E+00
    26.200   0.696587E+00   0.000000E+00   0.000000E+00   0.000000E+00   0.000000E+00   0.000000E+00   0.303413E+00   0.000000E+00
    26.300   0.695695E+00   0.000000E+00   0.000000E+00   0.000000E+00   0.000000E+00   0.000000E+00   0.304305E+00   0.000000E+00
    26.400   0.694795E+00   0.000000E+00   0.000000E+00   0.000000E+00   0.000000E+00   0.000000E+00   0.305205E+00   0.000000E+00
    26.500   0.693887E+00   0.000000E+00   0.000000E+00   0.000000E+00   0.000000E+00   0.000000E+00   0.306113E+00   0.000000E+00
    26.600   0.692975E+00   0.000000E+00   0.000000E+00   0.000000E+00   0.000000E+00   0.000000E+00   0.307025E+00   0.000000E+00
    26.700   0.692060E+00   0.000000E+00   0.000000E+00   0.000000E+00   0.000000E+00   0.000000E+00   0.307940E+00   0.000000E+00
    26.800   0.691145E+00   0.000000E+00   0.000000E+00   0.000000E+00   0.000000E+00   0.000000E+00   0.308855E+00   0.000000E+00
    26.900   0.690232E+00   0.000000E+00   0.000000E+00   0.000000E+00   0.000000E+00   0.000000E+00   0.309768E+00   0.000000E+00
    27.000   0.689323E+00   0.000000E+00   0.000000E+00   0.000000E+00   0.000000E+00   0.000000E+00   0.310677E+00   0.000000E+00
    27.100   0.688419E+00   0.000000E+00   0.000000E+00   0.000000E+00   0.000000E+00   0.000000E+00   0.311581E+00   0.000000E+00
    27.200   0.687523E+00   0.000000E+00   0.000000E+00   0.000000E+00   0.000000E+00   0.000000E+00   0.312477E+00   0.000000E+00
    27.300   0.686636E+00   0.000000E+00   0.000000E+00   0.000000E+00   0.000000E+00   0.000000E+00   0.313364E+00   0.000000E+00
    27.400   0.685760E+00   0.000000E+00   0.000000E+00   0.000000E+00   0.000000E+00   0.000000E+00   0.314240E+00   0.000000E+00
    27.500   0.684897E+00   0.000000E+00   0.000000E+00   0.000000E+00   0.000000E+00   0.000000E+00   0.315103E+00   0.000000E+00
    27.600   0.684048E+00   0.000000E+00   0.000000E+00   0.000000E+00   0.000000E+00   0.000000E+00   0.315952E+00   0.000000E+00
    27.700   0.683213E+00   0.000000E+00   0.000000E+00   0.000000E+00   0.000000E+00   0.000000E+00   0.316787E+00   0.000000E+00
    27.800   0.682394E+00   0.000000E+00   0.000000E+00   0.000000E+00   0.000000E+00   0.000000E+00   0.317606E+00   0.000000E+00
    27.900   0.681593E+00   0.000000E+00   0.000000E+00   0.000000E+00   0.000000E+00   0.000000E+00   0.318407E+00   0.000000E+00
    28.000   0.680808E+00   0.000000E+00   0.000000E+00   0.000000E+00   0.000000E+00   0.000000E+00   0.319192E+00   0.000000E+00
    28.100   0.680041E+00   0.000000E+00   0.000000E+00   0.000000E+00   0.000000E+00   0.000000E+00   0.319959E+00   0.000000E+00
    28.200   0.679292E+00   0.000000E+00   0.000000E+00   0.000000E+00   0.000000E+00   0.000000E+00   0.320708E+00   0.000000E+00
    28.300   0.678562E+00   0.000000E+00   0.000000E+00   0.000000E+00   0.000000E+00   0.000000E+00   0.321438E+00   0.000000E+00
    28.400   0.677849E+00   0.000000E+00   0.000000E+00   0.000000E+00   0.000000E+00   0.000000E+00   0.322151E+00   0.000000E+00
    28.500   0.677154E+00   0.000000E+00   0.000000E+00   0.000000E+00   0.000000E+00   0.000000E+00   0.322846E+00   0.000000E+00
    28.600   0.676477E+00   0.000000E+00   0.000000E+00   0.000000E+00   0.000000E+00   0.000000E+00   0.323523E+00   0.000000E+00
    28.700   0.675817E+00   0.000000E+00   0.000000E+00   0.000000E+00   0.000000E+00   0.000000E+00   0.324183E+00   0.000000E+00
    28.800   0.675173E+00   0.000000E+00   0.000000E+00   0.000000E+00   0.000000E+00   0.000000E+00   0.324827E+00   0.000000E+00
    28.900   0.674545E+00   0.000000E+00   0.000000E+00   0.000000E+00   0.000000E+00   0.000000E+00   0.325455E+00   0.000000E+00
    29.000   0.673931E+00   0.000000E+00   0.000000E+00   0.000000E+00   0.000000E+00   0.000000E+00   0.326069E+00   0.000000E+00
    29.100   0.673331E+00   0.000000E+00   0.000000E+00   0.000000E+00   0.000000E+00   0.000000E+00   0.326669E+00   0.000000E+00
    29.200   0.672743E+00   0.000000E+00   0.000000E+00   0.000000E+00   0.000000E+00   0.000000E+00   0.327257E+00   0.000000E+00
    29.300   0.672167E+00   0.000000E+00   0.000000E+00   0.000000E+00   0.000000E+00   0.000000E+00   0.327833E+00   0.000000E+00
    29.400   0.671600E+00   0.000000E+00   0.000000E+00   0.000000E+00   0.000000E+00   0.000000E+00   0.328400E+00   0.000000E+00
    29.500   0.671042E+00   0.000000E+00   0.000000E+00   0.000000E+00   0.000000E+00   0.000000E+00   0.328958E+00   0.000000E+00
    29.600   0.670492E+00   0.000000E+00   0.000000E+00   0.000000E+00   0.000000E+00   0.000000E+00   0.329508E+00   0.000000E+00
    29.700   0.669947E+00   0.000000E+00   0.000000E+00   0.000000E+00   0.000000E+00   0.000000E+00   0.330053E+00   0.000000E+00
    29.800   0.669407E+00   0.000000E+00   0.000000E+00   0.000000E+00   0.000000E+00   0.000000E+00   0.330593E+00   0.000000E+00
    29.900   0.668870E+00   0.000000E+00   0.000000E+00   0.000000E+00   0.000000E+00   0.000000E+00   0.331130E+00   0.000000E+00
    30.000   0.668335E+00   0.000000E+00   0.000000E+00   0.000000E+00   0.000000E+00   0.000000E+00   0.331665E+00   0.000000E+00
    30.100   0.667800E+00   0.000000E+00   0.000000E+00   0.000000E+00   0.000000E+00   0.000000E+00   0.332200E+00   0.000000E+00
    30.200   0.667264E+00   0.000000E+00   0.000000E+00   0.000000E+00   0.000000E+00   0.000000E+00   0.332736E+00   0.000000E+00
    30.300   0.666725E+00   0.000000E+00   0.000000E+00   0.000000E+00   0.000000E+00   0.000000E+00   0.333275E+00   0.000000E+00
    30.400   0.666184E+00   0.000000E+00   0.000000E+00   0.000000E+00   0.000000E+00   0.000000E+00   0.333816E+00   0.000000E+00
    30.500   0.665638E+00   0.000000E+00   0.000000E+00   0.000000E+00   0.000000E+00   0.000000E+00   0.334362E+00   0.000000E+00
    30.600   0.665086E+00   0.000000E+00   0.000000E+00   0.000000E+00   0.000000E+00   0.000000E+00   0.334914E+00   0.000000E+00
    30.700   0.664528E+00   0.000000E+00   0.000000E+00   0.000000E+00   0.000000E+00   0.000000E+00   0.335472E+00   0.000000E+00
    30.800   0.663962E+00   0.000000E+00   0.000000E+00   0.000000E+00   0.000000E+00   0.000000E+00   0.336038E+00   0.000000E+00
    30.900   0.663388E+00   0.000000E+00   0.000000E+00   0.000000E+00   0.000000E+00   0.000000E+00   0.336612E+00   0.000000E+00
    31.000   0.662806E+00   0.000000E+00   0.000000E+00   0.000000E+00   0.000000E+00   0.000000E+00   0.337194E+00   0.000000E+00
    31.100   0.662214E+00   0.000000E+00   0.000000E+00   0.000000E+00   0.000000E+00   0.000000E+00   0.337786E+00   0.000000E+00
    31.200   0.661613E+00   0.000000E+00   0.000000E+00   0.000000E+00   0.000000E+00   0.000000E+00   0.338387E+00   0.000000E+00
    31.300   0.661001E+00   0.000000E+00   0.000000E+00   0.000000E+00   0.000000E+00   0.000000E+00   0.338999E+00   0.000000E+00
    31.400   0.660380E+00   0.000000E+00   0.000000E+00   0.000000E+00   0.000000E+00   0.000000E+00   0.339620E+00   0.000000E+00
    31.500   0.659748E+00   0.000000E+00   0.000000E+00   0.000000E+00   0.000000E+00   0.000000E+00   0.340252E+00   0.000000E+00
    31.600   0.659107E+00   0.000000E+00   0.000000E+00   0.000000E+00   0.000000E+00   0.000000E+00   0.340893E+00   0.000000E+00
    31.700   0.658456E+00   0.000000E+00   0.000000E+00   0.000000E+00   0.000000E+00   0.000000E+00   0.341544E+00   0.000000E+00
    31.800   0.657795E+00   0.000000E+00   0.000000E+00   0.000000E+00   0.000000E+00   0.000000E+00   0.342205E+00   0.000000E+00
    31.900   0.657125E+00   0.000000E+00   0.000000E+00   0.000000E+00   0.000000E+00   0.000000E+00   0.342875E+00   0.000000E+00
    32.000   0.656446E+00   0.000000E+00   0.000000E+00   0.000000E+00   0.000000E+00   0.000000E+00   0.343554E+00   0.000000E+00
    32.100   0.655777E+00   0.000000E+00   0.000000E+00   0.000000E+00   0.000000E+00   0.000000E+00   0.344223E+00   0.000000E+00
    32.200   0.655082E+00   0.000000E+00   0.000000E+00   0.000000E+00   0.000000E+00   0.000000E+00   0.344918E+00   0.000000E+00
    32.300   0.654381E+00   0.000000E+00   0.000000E+00   0.000000E+00   0.000000E+00   0.000000E+00   0.345619E+00   0.000000E+00
    32.400   0.653675E+00   0.000000E+00   0.000000E+00   0.000000E+00   0.000000E+00   0.000000E+00   0.346325E+00   0.000000E+00
    32.500   0.652979E+00   0.000000E+00   0.000000E+00   0.000000E+00   0.000000E+00   0.000000E+00   0.347021E+00   0.000000E+00
    32.600   0.652279E+00   0.000000E+00   0.000000E+00   0.000000E+00   0.000000E+00   0.000000E+00   0.347721E+00   0.000000E+00
    32.700   0.651560E+00   0.000000E+00   0.000000E+00   0.000000E+00   0.000000E+00   0.000000E+00   0.348440E+00   0.000000E+00
    32.800   0.650838E+00   0.000000E+00   0.000000E+00   0.000000E+00   0.000000E+00   0.000000E+00   0.349162E+00   0.000000E+00
    32.900   0.650114E+00   0.000000E+00   0.000000E+00   0.000000E+00   0.000000E+00   0.000000E+00   0.349886E+00   0.000000E+00
    33.000   0.649406E+00   0.000000E+00   0.000000E+00   0.000000E+00   0.000000E+00   0.000000E+00   0.350594E+00   0.000000E+00
    33.100   0.648697E+00   0.000000E+00   0.000000E+00   0.000000E+00   0.000000E+00   0.000000E+00   0.351303E+00   0.000000E+00
    33.200   0.647974E+00   0.000000E+00   0.000000E+00   0.000000E+00   0.000000E+00   0.000000E+00   0.352026E+00   0.000000E+00
    33.300   0.647253E+00   0.000000E+00   0.000000E+00   0.000000E+00   0.000000E+00   0.000000E+00   0.352747E+00   0.000000E+00
    33.400   0.646535E+00   0.000000E+00   0.000000E+00   0.000000E+00   0.000000E+00   0.000000E+00   0.353465E+00   0.000000E+00
    33.500   0.645836E+00   0.000000E+00   0.000000E+00   0.000000E+00   0.000000E+00   0.000000E+00   0.354164E+00   0.000000E+00
    33.600   0.645141E+00   0.000000E+00   0.000000E+00   0.000000E+00   0.000000E+00   0.000000E+00   0.354859E+00   0.000000E+00
    33.700   0.644435E+00   0.000000E+00   0.000000E+00   0.000000E+00   0.000000E+00   0.000000E+00   0.355565E+00   0.000000E+00
    33.800   0.643735E+00   0.000000E+00   0.000000E+00   0.000000E+00   0.000000E+00   0.000000E+00   0.356265E+00   0.000000E+00
    33.900   0.643042E+00   0.000000E+00   0.000000E+00   0.000000E+00   0.000000E+00   0.000000E+00   0.356958E+00   0.000000E+00
    34.000   0.642370E+00   0.000000E+00   0.000000E+00   0.000000E+00   0.000000E+00   0.000000E+00   0.357630E+00   0.000000E+00
    34.100   0.641705E+00   0.000000E+00   0.000000E+00   0.000000E+00   0.000000E+00   0.000000E+00   0.358295E+00   0.000000E+00
    34.200   0.641032E+00   0.000000E+00   0.000000E+00   0.000000E+00   0.000000E+00   0.000000E+00   0.358968E+00   0.000000E+00
    34.300   0.640367E+00   0.000000E+00   0.000000E+00   0.000000E+00   0.000000E+00   0.000000E+00   0.359633E+00   0.000000E+00
    34.400   0.639710E+00   0.000000E+00   0.000000E+00   0.000000E+00   0.000000E+00   0.000000E+00   0.360290E+00   0.000000E+00
    34.500   0.639076E+00   0.000000E+00   0.000000E+00   0.000000E+00   0.000000E+00   0.000000E+00   0.360924E+00   0.000000E+00
    34.600   0.638450E+00   0.000000E+00   0.000000E+00   0.000000E+00   0.000000E+00   0.000000E+00   0.361550E+00   0.000000E+00
    34.700   0.637817E+00   0.000000E+00   0.000000E+00   0.000000E+00   0.000000E+00   0.000000E+00   0.362183E+00   0.000000E+00
    34.800   0.637192E+00   0.000000E+00   0.000000E+00   0.000000E+00   0.000000E+00   0.000000E+00   0.362808E+00   0.000000E+00
    34.900   0.636575E+00   0.000000E+00   0.000000E+00   0.000000E+00   0.000000E+00   0.000000E+00   0.363425E+00   0.000000E+00
    35.000   0.635980E+00   0.000000E+00   0.000000E+00   0.000000E+00   0.000000E+00   0.000000E+00   0.364020E+00   0.000000E+00
    35.100   0.635392E+00   0.000000E+00   0.000000E+00   0.000000E+00   0.000000E+00   0.000000E+00   0.364608E+00   0.000000E+00
    35.200   0.634796E+00   0.000000E+00   0.000000E+00   0.000000E+00   0.000000E+00   0.000000E+00   0.365204E+00   0.000000E+00
    35.300   0.634208E+00   0.000000E+00   0.000000E+00   0.000000E+00   0.000000E+00   0.000000E+00   0.365792E+00   0.000000E+00
    35.400   0.633625E+00   0.000000E+00   0.000000E+00   0.000000E+00   0.000000E+00   0.000000E+00   0.366375E+00   0.000000E+00
    35.500   0.633063E+00   0.000000E+00   0.000000E+00   0.000000E+00   0.000000E+00   0.000000E+00   0.366937E+00   0.000000E+00
    35.600   0.632505E+00   0.000000E+00   0.000000E+00   0.000000E+00   0.000000E+00   0.000000E+00   0.367495E+00   0.000000E+00
    35.700   0.631938E+00   0.000000E+00   0.000000E+00   0.000000E+00   0.000000E+00   0.000000E+00   0.368062E+00   0.000000E+00
    35.800   0.631376E+00   0.000000E+00   0.000000E+00   0.000000E+00   0.000000E+00   0.000000E+00   0.368624E+00   0.000000E+00
    35.900   0.630817E+00   0.000000E+00   0.000000E+00   0.000000E+00   0.000000E+00   0.000000E+00   0.369183E+00   0.000000E+00
    36.000   0.630275E+00   0.000000E+00   0.000000E+00   0.000000E+00   0.000000E+00   0.000000E+00   0.369725E+00   0.000000E+00
    36.100   0.629735E+00   0.000000E+00   0.000000E+00   0.000000E+00   0.000000E+00   0.000000E+00   0.370265E+00   0.000000E+00
    36.200   0.629184E+00   0.000000E+00   0.000000E+00   0.000000E+00   0.000000E+00   0.000000E+00   0.370816E+00   0.000000E+00
    36.300   0.628633E+00   0.000000E+00   0.000000E+00   0.000000E+00   0.000000E+00   0.000000E+00   0.371367E+00   0.000000E+00
    36.400   0.628084E+00   0.000000E+00   0.000000E+00   0.000000E+00   0.000000E+00   0.000000E+00   0.371916E+00   0.000000E+00
    36.500   0.627548E+00   0.000000E+00   0.000000E+00   0.000000E+00   0.000000E+00   0.000000E+00   0.372452E+00   0.000000E+00
    36.600   0.627012E+00   0.000000E+00   0.000000E+00   0.000000E+00   0.000000E+00   0.000000E+00   0.372988E+00   0.000000E+00
    36.700   0.626462E+00   0.000000E+00   0.000000E+00   0.000000E+00   0.000000E+00   0.000000E+00   0.373538E+00   0.000000E+00
    36.800   0.625910E+00   0.000000E+00   0.000000E+00   0.000000E+00   0.000000E+00   0.000000E+00   0.374090E+00   0.000000E+00
    36.900   0.625357E+00   0.000000E+00   0.000000E+00   0.000000E+00   0.000000E+00   0.000000E+00   0.374643E+00   0.000000E+00
    37.000   0.624815E+00   0.000000E+00   0.000000E+00   0.000000E+00   0.000000E+00   0.000000E+00   0.375185E+00   0.000000E+00
    37.100   0.624271E+00   0.000000E+00   0.000000E+00   0.000000E+00   0.000000E+00   0.000000E+00   0.375729E+00   0.000000E+00
    37.200   0.623710E+00   0.000000E+00   0.000000E+00   0.000000E+00   0.000000E+00   0.000000E+00   0.376290E+00   0.000000E+00
    37.300   0.623147E+00   0.000000E+00   0.000000E+00   0.000000E+00   0.000000E+00   0.000000E+00   0.376853E+00   0.000000E+00
    37.400   0.622580E+00   0.000000E+00   0.000000E+00   0.000000E+00   0.000000E+00   0.000000E+00   0.377420E+00   0.000000E+00
    37.500   0.622024E+00   0.000000E+00   0.000000E+00   0.000000E+00   0.000000E+00   0.000000E+00   0.377976E+00   0.000000E+00
    37.600   0.621464E+00   0.000000E+00   0.000000E+00   0.000000E+00   0.000000E+00   0.000000E+00   0.378536E+00   0.000000E+00
    37.700   0.620887E+00   0.000000E+00   0.000000E+00   0.000000E+00   0.000000E+00   0.000000E+00   0.379113E+00   0.000000E+00
    37.800   0.620306E+00   0.000000E+00   0.000000E+00   0.000000E+00   0.000000E+00   0.000000E+00   0.379694E+00   0.000000E+00
    37.900   0.619722E+00   0.000000E+00   0.000000E+00   0.000000E+00   0.000000E+00   0.000000E+00   0.380278E+00   0.000000E+00
    38.000   0.619148E+00   0.000000E+00   0.000000E+00   0.000000E+00   0.000000E+00   0.000000E+00   0.380852E+00   0.000000E+00
    38.100   0.618570E+00   0.000000E+00   0.000000E+00   0.000000E+00   0.000000E+00   0.000000E+00   0.381430E+00   0.000000E+00
    38.200   0.617976E+00   0.000000E+00   0.000000E+00   0.000000E+00   0.000000E+00   0.000000E+00   0.382024E+00   0.000000E+00
    38.300   0.617379E+00   0.000000E+00   0.000000E+00   0.000000E+00   0.000000E+00   0.000000E+00   0.382621E+00   0.000000E+00
    38.400   0.616779E+00   0.000000E+00   0.000000E+00   0.000000E+00   0.000000E+00   0.000000E+00   0.383221E+00   0.000000E+00
    38.500   0.616177E+00   0.000000E+00   0.000000E+00   0.000000E+00   0.000000E+00   0.000000E+00   0.383823E+00   0.000000E+00
    38.600   0.615585E+00   0.000000E+00   0.000000E+00   0.000000E+00   0.000000E+00   0.000000E+00   0.384415E+00   0.000000E+00
    38.700   0.614979E+00   0.000000E+00   0.000000E+00   0.000000E+00   0.000000E+00   0.000000E+00   0.385021E+00   0.000000E+00
    38.800   0.614371E+00   0.000000E+00   0.000000E+00   0.000000E+00   0.000000E+00   0.000000E+00   0.385629E+00   0.000000E+00
    38.900   0.613761E+00   0.000000E+00   0.000000E+00   0.000000E+00   0.000000E+00   0.000000E+00   0.386239E+00   0.000000E+00
    39.000   0.613151E+00   0.000000E+00   0.000000E+00   0.000000E+00   0.000000E+00   0.000000E+00   0.386849E+00   0.000000E+00
    39.100   0.612552E+00   0.000000E+00   0.000000E+00   0.000000E+00   0.000000E+00   0.000000E+00   0.387448E+00   0.000000E+00
    39.200   0.611941E+00   0.000000E+00   0.000000E+00   0.000000E+00   0.000000E+00   0.000000E+00   0.388059E+00   0.000000E+00
    39.300   0.611330E+00   0.000000E+00   0.000000E+00   0.000000E+00   0.000000E+00   0.000000E+00   0.388670E+00   0.000000E+00
    39.400   0.610719E+00   0.000000E+00   0.000000E+00   0.000000E+00   0.000000E+00   0.000000E+00   0.389281E+00   0.000000E+00
    39.500   0.610110E+00   0.000000E+00   0.000000E+00   0.000000E+00   0.000000E+00   0.000000E+00   0.389890E+00   0.000000E+00
    39.600   0.609513E+00   0.000000E+00   0.000000E+00   0.000000E+00   0.000000E+00   0.000000E+00   0.390487E+00   0.000000E+00
    39.700   0.608906E+00   0.000000E+00   0.000000E+00   0.000000E+00   0.000000E+00   0.000000E+00   0.391094E+00   0.000000E+00
    39.800   0.608301E+00   0.000000E+00   0.000000E+00   0.000000E+00   0.000000E+00   0.000000E+00   0.391699E+00   0.000000E+00
    39.900   0.607698E+00   0.000000E+00   0.000000E+00   0.000000E+00   0.000000E+00   0.000000E+00   0.392302E+00   0.000000E+00
    40.000   0.607098E+00   0.000000E+00   0.000000E+00   0.000000E+00   0.000000E+00   0.000000E+00   0.392902E+00   0.000000E+00
    40.100   0.606511E+00   0.000000E+00   0.000000E+00   0.000000E+00   0.000000E+00   0.000000E+00   0.393489E+00   0.000000E+00
    40.200   0.605916E+00   0.000000E+00   0.000000E+00   0.000000E+00   0.000000E+00   0.000000E+00   0.394084E+00   0.000000E+00
    40.300   0.605324E+00   0.000000E+00   0.000000E+00   0.000000E+00   0.000000E+00   0.000000E+00   0.394676E+00   0.000000E+00
    40.400   0.604735E+00   0.000000E+00   0.000000E+00   0.000000E+00   0.000000E+00   0.000000E+00   0.395265E+00   0.000000E+00
    40.500   0.604150E+00   0.000000E+00   0.000000E+00   0.000000E+00   0.000000E+00   0.000000E+00   0.395850E+00   0.000000E+00
    40.600   0.603579E+00   0.000000E+00   0.000000E+00   0.000000E+00   0.000000E+00   0.000000E+00   0.396421E+00   0.000000E+00
    40.700   0.603001E+00   0.000000E+00   0.000000E+00   0.000000E+00   0.000000E+00   0.000000E+00   0.396999E+00   0.000000E+00
    40.800   0.602427E+00   0.000000E+00   0.000000E+00   0.000000E+00   0.000000E+00   0.000000E+00   0.397573E+00   0.000000E+00
    40.900   0.601856E+00   0.000000E+00   0.000000E+00   0.000000E+00   0.000000E+00   0.000000E+00   0.398144E+00   0.000000E+00
    41.000   0.601289E+00   0.000000E+00   0.000000E+00   0.000000E+00   0.000000E+00   0.000000E+00   0.398711E+00   0.000000E+00
    41.100   0.600725E+00   0.000000E+00   0.000000E+00   0.000000E+00   0.000000E+00   0.000000E+00   0.399275E+00   0.000000E+00
    41.200   0.600165E+00   0.000000E+00   0.000000E+00   0.000000E+00   0.000000E+00   0.000000E+00   0.399835E+00   0.000000E+00
    41.300   0.599609E+00   0.000000E+00   0.000000E+00   0.000000E+00   0.000000E+00   0.000000E+00   0.400391E+00   0.000000E+00
    41.400   0.599056E+00   0.000000E+00   0.000000E+00   0.000000E+00   0.000000E+00   0.000000E+00   0.400944E+00   0.000000E+00
    41.500   0.598506E+00   0.000000E+00   0.000000E+00   0.000000E+00   0.000000E+00   0.000000E+00   0.401494E+00   0.000000E+00
    41.600   0.597960E+00   0.000000E+00   0.000000E+00   0.000000E+00   0.000000E+00   0.000000E+00   0.402040E+00   0.000000E+00
    41.700   0.597416E+00   0.000000E+00   0.000000E+00   0.000000E+00   0.000000E+00   0.000000E+00   0.402584E+00   0.000000E+00
    41.800   0.596875E+00   0.000000E+00   0.000000E+00   0.000000E+00   0.000000E+00   0.000000E+00   0.403125E+00   0.000000E+00
    41.900   0.596337E+00   0.000000E+00   0.000000E+00   0.000000E+00   0.000000E+00   0.000000E+00   0.403663E+00   0.000000E+00
    42.000   0.595802E+00   0.000000E+00   0.000000E+00   0.000000E+00   0.000000E+00   0.000000E+00   0.404198E+00   0.000000E+00
    42.100   0.595268E+00   0.000000E+00   0.000000E+00   0.000000E+00   0.000000E+00   0.000000E+00   0.404732E+00   0.000000E+00
    42.200   0.594737E+00   0.000000E+00   0.000000E+00   0.000000E+00   0.000000E+00   0.000000E+00   0.405263E+00   0.000000E+00
    42.300   0.594207E+00   0.000000E+00   0.000000E+00   0.000000E+00   0.000000E+00   0.000000E+00   0.405793E+00   0.000000E+00
    42.400   0.593679E+00   0.000000E+00   0.000000E+00   0.000000E+00   0.000000E+00   0.000000E+00   0.406321E+00   0.000000E+00
    42.500   0.593153E+00   0.000000E+00   0.000000E+00   0.000000E+00   0.000000E+00   0.000000E+00   0.406847E+00   0.000000E+00
    42.600   0.592627E+00   0.000000E+00   0.000000E+00   0.000000E+00   0.000000E+00   0.000000E+00   0.407373E+00   0.000000E+00
    42.700   0.592102E+00   0.000000E+00   0.000000E+00   0.000000E+00   0.000000E+00   0.000000E+00   0.407898E+00   0.000000E+00
    42.800   0.591578E+00   0.000000E+00   0.000000E+00   0.000000E+00   0.000000E+00   0.000000E+00   0.408422E+00   0.000000E+00
    42.900   0.591055E+00   0.000000E+00   0.000000E+00   0.000000E+00   0.000000E+00   0.000000E+00   0.408945E+00   0.000000E+00
    43.000   0.590532E+00   0.000000E+00   0.000000E+00   0.000000E+00   0.000000E+00   0.000000E+00   0.409468E+00   0.000000E+00
    43.100   0.590009E+00   0.000000E+00   0.000000E+00   0.000000E+00   0.000000E+00   0.000000E+00   0.409991E+00   0.000000E+00
    43.200   0.589485E+00   0.000000E+00   0.000000E+00   0.000000E+00   0.000000E+00   0.000000E+00   0.410515E+00   0.000000E+00
    43.300   0.588962E+00   0.000000E+00   0.000000E+00   0.000000E+00   0.000000E+00   0.000000E+00   0.411038E+00   0.000000E+00
    43.400   0.588438E+00   0.000000E+00   0.000000E+00   0.000000E+00   0.000000E+00   0.000000E+00   0.411562E+00   0.000000E+00
    43.500   0.587914E+00   0.000000E+00   0.000000E+00   0.000000E+00   0.000000E+00   0.000000E+00   0.412086E+00   0.000000E+00
    43.600   0.587389E+00   0.000000E+00   0.000000E+00   0.000000E+00   0.000000E+00   0.000000E+00   0.412611E+00   0.000000E+00
    43.700   0.586864E+00   0.000000E+00   0.000000E+00   0.000000E+00   0.000000E+00   0.000000E+00   0.413136E+00   0.000000E+00
    43.800   0.586338E+00   0.000000E+00   0.000000E+00   0.000000E+00   0.000000E+00   0.000000E+00   0.413662E+00   0.000000E+00
    43.900   0.585811E+00   0.000000E+00   0.000000E+00   0.000000E+00   0.000000E+00   0.000000E+00   0.414189E+00   0.000000E+00
    44.000   0.585283E+00   0.000000E+00   0.000000E+00   0.000000E+00   0.000000E+00   0.000000E+00   0.414717E+00   0.000000E+00
    44.100   0.584754E+00   0.000000E+00   0.000000E+00   0.000000E+00   0.000000E+00   0.000000E+00   0.415246E+00   0.000000E+00
    44.200   0.584225E+00   0.000000E+00   0.000000E+00   0.000000E+00   0.000000E+00   0.000000E+00   0.415775E+00   0.000000E+00
    44.300   0.583695E+00   0.000000E+00   0.000000E+00   0.000000E+00   0.000000E+00   0.000000E+00   0.416305E+00   0.000000E+00
    44.400   0.583164E+00   0.000000E+00   0.000000E+00   0.000000E+00   0.000000E+00   0.000000E+00   0.416836E+00   0.000000E+00
    44.500   0.582632E+00   0.000000E+00   0.000000E+00   0.000000E+00   0.000000E+00   0.000000E+00   0.417368E+00   0.000000E+00
    44.600   0.582100E+00   0.000000E+00   0.000000E+00   0.000000E+00   0.000000E+00   0.000000E+00   0.417900E+00   0.000000E+00
    44.700   0.581567E+00   0.000000E+00   0.000000E+00   0.000000E+00   0.000000E+00   0.000000E+00   0.418433E+00   0.000000E+00
    44.800   0.581033E+00   0.000000E+00   0.000000E+00   0.000000E+00   0.000000E+00   0.000000E+00   0.418967E+00   0.000000E+00
    44.900   0.580499E+00   0.000000E+00   0.000000E+00   0.000000E+00   0.000000E+00   0.000000E+00   0.419501E+00   0.000000E+00
    45.000   0.579965E+00   0.000000E+00   0.000000E+00   0.000000E+00   0.000000E+00   0.000000E+00   0.420035E+00   0.000000E+00
    45.100   0.579431E+00   0.000000E+00   0.000000E+00   0.000000E+00   0.000000E+00   0.000000E+00   0.420569E+00   0.000000E+00
    45.200   0.578896E+00   0.000000E+00   0.000000E+00   0.000000E+00   0.000000E+00   0.000000E+00   0.421104E+00   0.000000E+00
    45.300   0.578362E+00   0.000000E+00   0.000000E+00   0.000000E+00   0.000000E+00   0.000000E+00   0.421638E+00   0.000000E+00
    45.400   0.577828E+00   0.000000E+00   0.000000E+00   0.000000E+00   0.000000E+00   0.000000E+00   0.422172E+00   0.000000E+00
    45.500   0.577294E+00   0.000000E+00   0.000000E+00   0.000000E+00   0.000000E+00   0.000000E+00   0.422706E+00   0.000000E+00
    45.600   0.576760E+00   0.000000E+00   0.000000E+00   0.000000E+00   0.000000E+00   0.000000E+00   0.423240E+00   0.000000E+00
    45.700   0.576228E+00   0.000000E+00   0.000000E+00   0.000000E+00   0.000000E+00   0.000000E+00   0.423772E+00   0.000000E+00
    45.800   0.575695E+00   0.000000E+00   0.000000E+00   0.000000E+00   0.000000E+00   0.000000E+00   0.424305E+00   0.000000E+00
    45.900   0.575164E+00   0.000000E+00   0.000000E+00   0.000000E+00   0.000000E+00   0.000000E+00   0.424836E+00   0.000000E+00
    46.000   0.574634E+00   0.000000E+00   0.000000E+00   0.000000E+00   0.000000E+00   0.000000E+00   0.425366E+00   0.000000E+00
    46.100   0.574105E+00   0.000000E+00   0.000000E+00   0.000000E+00   0.000000E+00   0.000000E+00   0.425895E+00   0.000000E+00
    46.200   0.573577E+00   0.000000E+00   0.000000E+00   0.000000E+00   0.000000E+00   0.000000E+00   0.426423E+00   0.000000E+00
    46.300   0.573050E+00   0.000000E+00   0.000000E+00   0.000000E+00   0.000000E+00   0.000000E+00   0.426950E+00   0.000000E+00
    46.400   0.572525E+00   0.000000E+00   0.000000E+00   0.000000E+00   0.000000E+00   0.000000E+00   0.427475E+00   0.000000E+00
    46.500   0.572001E+00   0.000000E+00   0.000000E+00   0.000000E+00   0.000000E+00   0.000000E+00   0.427999E+00   0.000000E+00
    46.600   0.571479E+00   0.000000E+00   0.000000E+00   0.000000E+00   0.000000E+00   0.000000E+00   0.428521E+00   0.000000E+00
    46.700   0.570959E+00   0.000000E+00   0.000000E+00   0.000000E+00   0.000000E+00   0.000000E+00   0.429041E+00   0.000000E+00
    46.800   0.570440E+00   0.000000E+00   0.000000E+00   0.000000E+00   0.000000E+00   0.000000E+00   0.429560E+00   0.000000E+00
    46.900   0.569923E+00   0.000000E+00   0.000000E+00   0.000000E+00   0.000000E+00   0.000000E+00   0.430077E+00   0.000000E+00
    47.000   0.569407E+00   0.000000E+00   0.000000E+00   0.000000E+00   0.000000E+00   0.000000E+00   0.430593E+00   0.000000E+00
    47.100   0.568894E+00   0.000000E+00   0.000000E+00   0.000000E+00   0.000000E+00   0.000000E+00   0.431106E+00   0.000000E+00
    47.200   0.568382E+00   0.000000E+00   0.000000E+00   0.000000E+00   0.000000E+00   0.000000E+00   0.431618E+00   0.000000E+00
    47.300   0.567872E+00   0.000000E+00   0.000000E+00   0.000000E+00   0.000000E+00   0.000000E+00   0.432128E+00   0.000000E+00
    47.400   0.567364E+00   0.000000E+00   0.000000E+00   0.000000E+00   0.000000E+00   0.000000E+00   0.432636E+00   0.000000E+00
    47.500   0.566858E+00   0.000000E+00   0.000000E+00   0.000000E+00   0.000000E+00   0.000000E+00   0.433142E+00   0.000000E+00
    47.600   0.566354E+00   0.000000E+00   0.000000E+00   0.000000E+00   0.000000E+00   0.000000E+00   0.433646E+00   0.000000E+00
    47.700   0.565851E+00   0.000000E+00   0.000000E+00   0.000000E+00   0.000000E+00   0.000000E+00   0.434149E+00   0.000000E+00
    47.800   0.565350E+00   0.000000E+00   0.000000E+00   0.000000E+00   0.000000E+00   0.000000E+00   0.434650E+00   0.000000E+00
    47.900   0.564851E+00   0.000000E+00   0.000000E+00   0.000000E+00   0.000000E+00   0.000000E+00   0.435149E+00   0.000000E+00
    48.000   0.564353E+00   0.000000E+00   0.000000E+00   0.000000E+00   0.000000E+00   0.000000E+00   0.435647E+00   0.000000E+00
    48.100   0.563857E+00   0.000000E+00   0.000000E+00   0.000000E+00   0.000000E+00   0.000000E+00   0.436143E+00   0.000000E+00
    48.200   0.563362E+00   0.000000E+00   0.000000E+00   0.000000E+00   0.000000E+00   0.000000E+00   0.436638E+00   0.000000E+00
    48.300   0.562869E+00   0.000000E+00   0.000000E+00   0.000000E+00   0.000000E+00   0.000000E+00   0.437131E+00   0.000000E+00
    48.400   0.562377E+00   0.000000E+00   0.000000E+00   0.000000E+00   0.000000E+00   0.000000E+00   0.437623E+00   0.000000E+00
    48.500   0.561887E+00   0.000000E+00   0.000000E+00   0.000000E+00   0.000000E+00   0.000000E+00   0.438113E+00   0.000000E+00
    48.600   0.561397E+00   0.000000E+00   0.000000E+00   0.000000E+00   0.000000E+00   0.000000E+00   0.438603E+00   0.000000E+00
    48.700   0.560909E+00   0.000000E+00   0.000000E+00   0.000000E+00   0.000000E+00   0.000000E+00   0.439091E+00   0.000000E+00
    48.800   0.560422E+00   0.000000E+00   0.000000E+00   0.000000E+00   0.000000E+00   0.000000E+00   0.439578E+00   0.000000E+00
    48.900   0.559936E+00   0.000000E+00   0.000000E+00   0.000000E+00   0.000000E+00   0.000000E+00   0.440064E+00   0.000000E+00
    49.000   0.559450E+00   0.000000E+00   0.000000E+00   0.000000E+00   0.000000E+00   0.000000E+00   0.440550E+00   0.000000E+00
    49.100   0.558966E+00   0.000000E+00   0.000000E+00   0.000000E+00   0.000000E+00   0.000000E+00   0.441034E+00   0.000000E+00
    49.200   0.558482E+00   0.000000E+00   0.000000E+00   0.000000E+00   0.000000E+00   0.000000E+00   0.441518E+00   0.000000E+00
    49.300   0.557999E+00   0.000000E+00   0.000000E+00   0.000000E+00   0.000000E+00   0.000000E+00   0.442001E+00   0.000000E+00
    49.400   0.557516E+00   0.000000E+00   0.000000E+00   0.000000E+00   0.000000E+00   0.000000E+00   0.442484E+00   0.000000E+00
    49.500   0.557034E+00   0.000000E+00   0.000000E+00   0.000000E+00   0.000000E+00   0.000000E+00   0.442966E+00   0.000000E+00
    49.600   0.556552E+00   0.000000E+00   0.000000E+00   0.000000E+00   0.000000E+00   0.000000E+00   0.443448E+00   0.000000E+00
    49.700   0.556071E+00   0.000000E+00   0.000000E+00   0.000000E+00   0.000000E+00   0.000000E+00   0.443929E+00   0.000000E+00
    49.800   0.555590E+00   0.000000E+00   0.000000E+00   0.000000E+00   0.000000E+00   0.000000E+00   0.444410E+00   0.000000E+00
    49.900   0.555110E+00   0.000000E+00   0.000000E+00   0.000000E+00   0.000000E+00   0.000000E+00   0.444890E+00   0.000000E+00
    50.000   0.554629E+00   0.000000E+00   0.000000E+00   0.000000E+00   0.000000E+00   0.000000E+00   0.445371E+00   0.000000E+00
