     0.000            NaN
     0.100   0.203034E-02
     0.200   0.670498E-02
     0.300   0.133560E-01
     0.400   0.215895E-01
     0.500   0.311060E-01
     0.600   0.416559E-01
     0.700   0.530219E-01
     0.800   0.650105E-01
     0.900   0.774479E-01
     1.000   0.901771E-01
     1.100   0.103057E+00
     1.200   0.115960E+00
     1.300   0.128772E+00
     1.400   0.141394E+00
     1.500   0.153736E+00
     1.600   0.165721E+00
     1.700   0.177282E+00
     1.800   0.188364E+00
     1.900   0.198918E+00
     2.000   0.208905E+00
     2.100   0.218293E+00
     2.200   0.227059E+00
     2.300   0.235183E+00
     2.400   0.242653E+00
     2.500   0.249460E+00
     2.600   0.255600E+00
     2.700   0.261074E+00
     2.800   0.265885E+00
     2.900   0.270039E+00
     3.000   0.273545E+00
     3.100   0.276415E+00
     3.200   0.278661E+00
     3.300   0.280301E+00
     3.400   0.281351E+00
     3.500   0.281832E+00
     3.600   0.281765E+00
     3.700   0.281174E+00
     3.800   0.280087E+00
     3.900   0.278531E+00
     4.000   0.276537E+00
     4.100   0.274140E+00
     4.200   0.271375E+00
     4.300   0.268282E+00
     4.400   0.264902E+00
     4.500   0.261280E+00
     4.600   0.257463E+00
     4.700   0.253502E+00
     4.800   0.249447E+00
     4.900   0.245355E+00
     5.000   0.241280E+00
     5.100   0.237279E+00
     5.200   0.233411E+00
     5.300   0.229731E+00
     5.400   0.226296E+00
     5.500   0.223159E+00
     5.600   0.220371E+00
     5.700   0.217978E+00
     5.800   0.216021E+00
     5.900   0.214536E+00
     6.000   0.213551E+00
     6.100   0.213086E+00
     6.200   0.213156E+00
     6.300   0.213764E+00
     6.400   0.214907E+00
     6.500   0.216573E+00
     6.600   0.218744E+00
     6.700   0.221393E+00
     6.800   0.224488E+00
     6.900   0.227993E+00
     7.000   0.231866E+00
     7.100   0.236062E+00
     7.200   0.240536E+00
     7.300   0.245239E+00
     7.400   0.250123E+00
     7.500   0.255141E+00
     7.600   0.260246E+00
     7.700   0.265395E+00
     7.800   0.270544E+00
     7.900   0.275654E+00
     8.000   0.280688E+00
     8.100   0.285612E+00
     8.200   0.290395E+00
     8.300   0.295010E+00
     8.400   0.299433E+00
     8.500   0.303642E+00
     8.600   0.307618E+00
     8.700   0.311348E+00
     8.800   0.314818E+00
     8.900   0.318019E+00
     9.000   0.320943E+00
     9.100   0.323587E+00
     9.200   0.325947E+00
     9.300   0.328023E+00
     9.400   0.329818E+00
     9.500   0.331336E+00
     9.600   0.332581E+00
     9.700   0.333563E+00
     9.800   0.334289E+00
     9.900   0.334770E+00
    10.000   0.335020E+00
    10.100   0.335052E+00
    10.200   0.334881E+00
    10.300   0.334525E+00
    10.400   0.334000E+00
    10.500   0.333325E+00
    10.600   0.332522E+00
    10.700   0.331610E+00
    10.800   0.330612E+00
    10.900   0.329550E+00
    11.000   0.328446E+00
    11.100   0.327324E+00
    11.200   0.326207E+00
    11.300   0.325117E+00
    11.400   0.324077E+00
    11.500   0.323109E+00
    11.600   0.322234E+00
    11.700   0.321470E+00
    11.800   0.320837E+00
    11.900   0.320351E+00
    12.000   0.320027E+00
    12.100   0.319876E+00
    12.200   0.319910E+00
    12.300   0.320136E+00
    12.400   0.320559E+00
    12.500   0.321183E+00
    12.600   0.322008E+00
    12.700   0.323032E+00
    12.800   0.324251E+00
    12.900   0.325657E+00
    13.000   0.327242E+00
    13.100   0.328996E+00
    13.200   0.330905E+00
    13.300   0.332956E+00
    13.400   0.335135E+00
    13.500   0.337425E+00
    13.600   0.339809E+00
    13.700   0.342270E+00
    13.800   0.344791E+00
    13.900   0.347355E+00
    14.000   0.349945E+00
    14.100   0.352544E+00
    14.200   0.355135E+00
    14.300   0.357704E+00
    14.400   0.360237E+00
    14.500   0.362718E+00
    14.600   0.365137E+00
    14.700   0.367481E+00
    14.800   0.369741E+00
    14.900   0.371907E+00
    15.000   0.373971E+00
    15.100   0.375927E+00
    15.200   0.377770E+00
    15.300   0.379495E+00
    15.400   0.381099E+00
    15.500   0.382580E+00
    15.600   0.383938E+00
    15.700   0.385173E+00
    15.800   0.386286E+00
    15.900   0.387279E+00
    16.000   0.388155E+00
    16.100   0.388920E+00
    16.200   0.389577E+00
    16.300   0.390133E+00
    16.400   0.390595E+00
    16.500   0.390968E+00
    16.600   0.391262E+00
    16.700   0.391484E+00
    16.800   0.391644E+00
    16.900   0.391750E+00
    17.000   0.391812E+00
    17.100   0.391840E+00
    17.200   0.391844E+00
    17.300   0.391833E+00
    17.400   0.391818E+00
    17.500   0.391807E+00
    17.600   0.391811E+00
    17.700   0.391840E+00
    17.800   0.391900E+00
    17.900   0.392001E+00
    18.000   0.392151E+00
    18.100   0.392355E+00
    18.200   0.392622E+00
    18.300   0.392955E+00
    18.400   0.393359E+00
    18.500   0.393839E+00
    18.600   0.394396E+00
    18.700   0.395033E+00
    18.800   0.395750E+00
    18.900   0.396547E+00
    19.000   0.397424E+00
    19.100   0.398379E+00
    19.200   0.399408E+00
    19.300   0.400508E+00
    19.400   0.401676E+00
    19.500   0.402906E+00
    19.600   0.404193E+00
    19.700   0.405531E+00
    19.800   0.406913E+00
    19.900   0.408335E+00
    20.000   0.409787E+00
    20.100   0.411265E+00
    20.200   0.412760E+00
    20.300   0.414266E+00
    20.400   0.415775E+00
    20.500   0.417282E+00
    20.600   0.418780E+00
    20.700   0.420263E+00
    20.800   0.421724E+00
    20.900   0.423159E+00
    21.000   0.424562E+00
    21.100   0.425929E+00
    21.200   0.427256E+00
    21.300   0.428540E+00
    21.400   0.429776E+00
    21.500   0.430963E+00
    21.600   0.432099E+00
    21.700   0.433182E+00
    21.800   0.434211E+00
    21.900   0.435186E+00
    22.000   0.436107E+00
    22.100   0.436974E+00
    22.200   0.437788E+00
    22.300   0.438551E+00
    22.400   0.439265E+00
    22.500   0.439931E+00
    22.600   0.440553E+00
    22.700   0.441133E+00
    22.800   0.441675E+00
    22.900   0.442182E+00
    23.000   0.442658E+00
    23.100   0.443107E+00
    23.200   0.443533E+00
    23.300   0.443939E+00
    23.400   0.444331E+00
    23.500   0.444713E+00
    23.600   0.445088E+00
    23.700   0.445462E+00
    23.800   0.445837E+00
    23.900   0.446219E+00
    24.000   0.446611E+00
    24.100   0.447016E+00
    24.200   0.447439E+00
    24.300   0.447881E+00
    24.400   0.448347E+00
    24.500   0.448838E+00
    24.600   0.449356E+00
    24.700   0.449903E+00
    24.800   0.450482E+00
    24.900   0.451092E+00
    25.000   0.451734E+00
    25.100   0.452409E+00
    25.200   0.453117E+00
    25.300   0.453856E+00
    25.400   0.454627E+00
    25.500   0.455429E+00
    25.600   0.456259E+00
    25.700   0.457115E+00
    25.800   0.457997E+00
    25.900   0.458902E+00
    26.000   0.459827E+00
    26.100   0.460770E+00
    26.200   0.461728E+00
    26.300   0.462699E+00
    26.400   0.463678E+00
    26.500   0.464665E+00
    26.600   0.465655E+00
    26.700   0.466646E+00
    26.800   0.467635E+00
    26.900   0.468619E+00
    27.000   0.469596E+00
    27.100   0.470563E+00
    27.200   0.471518E+00
    27.300   0.472459E+00
    27.400   0.473384E+00
    27.500   0.474290E+00
    27.600   0.475177E+00
    27.700   0.476043E+00
    27.800   0.476887E+00
    27.900   0.477707E+00
    28.000   0.478505E+00
    28.100   0.479278E+00
    28.200   0.480027E+00
    28.300   0.480752E+00
    28.400   0.481452E+00
    28.500   0.482129E+00
    28.600   0.482784E+00
    28.700   0.483416E+00
    28.800   0.484027E+00
    28.900   0.484618E+00
    29.000   0.485190E+00
    29.100   0.485745E+00
    29.200   0.486285E+00
    29.300   0.486810E+00
    29.400   0.487323E+00
    29.500   0.487826E+00
    29.600   0.488320E+00
    29.700   0.488807E+00
    29.800   0.489289E+00
    29.900   0.489767E+00
    30.000   0.490245E+00
    30.100   0.490722E+00
    30.200   0.491202E+00
    30.300   0.491685E+00
    30.400   0.492174E+00
    30.500   0.492669E+00
    30.600   0.493172E+00
    30.700   0.493684E+00
    30.800   0.494206E+00
    30.900   0.494739E+00
    31.000   0.495284E+00
    31.100   0.495841E+00
    31.200   0.496411E+00
    31.300   0.496993E+00
    31.400   0.497589E+00
    31.500   0.498198E+00
    31.600   0.498819E+00
    31.700   0.499452E+00
    31.800   0.500098E+00
    31.900   0.500755E+00
    32.000   0.501422E+00
    32.100   0.502099E+00
    32.200   0.502785E+00
    32.300   0.503479E+00
    32.400   0.504179E+00
    32.500   0.504885E+00
    32.600   0.505595E+00
    32.700   0.506308E+00
    32.800   0.507024E+00
    32.900   0.507740E+00
    33.000   0.508455E+00
    33.100   0.509169E+00
    33.200   0.509880E+00
    33.300   0.510587E+00
    33.400   0.511289E+00
    33.500   0.511985E+00
    33.600   0.512675E+00
    33.700   0.513356E+00
    33.800   0.514029E+00
    33.900   0.514693E+00
    34.000   0.515347E+00
    34.100   0.515990E+00
    34.200   0.516623E+00
    34.300   0.517245E+00
    34.400   0.517856E+00
    34.500   0.518456E+00
    34.600   0.519045E+00
    34.700   0.519622E+00
    34.800   0.520189E+00
    34.900   0.520745E+00
    35.000   0.521291E+00
    35.100   0.521827E+00
    35.200   0.522354E+00
    35.300   0.522872E+00
    35.400   0.523382E+00
    35.500   0.523885E+00
    35.600   0.524381E+00
    35.700   0.524871E+00
    35.800   0.525356E+00
    35.900   0.525836E+00
    36.000   0.526313E+00
    36.100   0.526787E+00
    36.200   0.527259E+00
    36.300   0.527730E+00
    36.400   0.528200E+00
    36.500   0.528670E+00
    36.600   0.529142E+00
    36.700   0.529615E+00
    36.800   0.530090E+00
    36.900   0.530568E+00
    37.000   0.531049E+00
    37.100   0.531534E+00
    37.200   0.532022E+00
    37.300   0.532515E+00
    37.400   0.533013E+00
    37.500   0.533515E+00
    37.600   0.534022E+00
    37.700   0.534533E+00
    37.800   0.535050E+00
    37.900   0.535571E+00
    38.000   0.536097E+00
    38.100   0.536627E+00
    38.200   0.537161E+00
    38.300   0.537699E+00
    38.400   0.538240E+00
    38.500   0.538784E+00
    38.600   0.539331E+00
    38.700   0.539880E+00
    38.800   0.540431E+00
    38.900   0.540983E+00
    39.000   0.541535E+00
    39.100   0.542088E+00
    39.200   0.542640E+00
    39.300   0.543191E+00
    39.400   0.543741E+00
    39.500   0.544288E+00
    39.600   0.544834E+00
    39.700   0.545376E+00
    39.800   0.545916E+00
    39.900   0.546452E+00
    40.000   0.546983E+00
    40.100   0.547511E+00
    40.200   0.548033E+00
    40.300   0.548551E+00
    40.400   0.549064E+00
    40.500   0.549572E+00
    40.600   0.550074E+00
    40.700   0.550571E+00
    40.800   0.551062E+00
    40.900   0.551548E+00
    41.000   0.552029E+00
    41.100   0.552504E+00
    41.200   0.552975E+00
    41.300   0.553440E+00
    41.400   0.553900E+00
    41.500   0.554356E+00
    41.600   0.554807E+00
    41.700   0.555255E+00
    41.800   0.555698E+00
    41.900   0.556138E+00
    42.000   0.556575E+00
    42.100   0.557009E+00
    42.200   0.557441E+00
    42.300   0.557871E+00
    42.400   0.558298E+00
    42.500   0.558725E+00
    42.600   0.559150E+00
    42.700   0.559574E+00
    42.800   0.559998E+00
    42.900   0.560421E+00
    43.000   0.560845E+00
    43.100   0.561269E+00
    43.200   0.561694E+00
    43.300   0.562119E+00
    43.400   0.562545E+00
    43.500   0.562973E+00
    43.600   0.563401E+00
    43.700   0.563831E+00
    43.800   0.564263E+00
    43.900   0.564695E+00
    44.000   0.565129E+00
    44.100   0.565565E+00
    44.200   0.566002E+00
    44.300   0.566440E+00
    44.400   0.566880E+00
    44.500   0.567320E+00
    44.600   0.567762E+00
    44.700   0.568204E+00
    44.800   0.568648E+00
    44.900   0.569091E+00
    45.000   0.569535E+00
    45.100   0.569979E+00
    45.200   0.570423E+00
    45.300   0.570866E+00
    45.400   0.571309E+00
    45.500   0.571752E+00
    45.600   0.572193E+00
    45.700   0.572633E+00
    45.800   0.573072E+00
    45.900   0.573509E+00
    46.000   0.573944E+00
    46.100   0.574377E+00
    46.200   0.574808E+00
    46.300   0.575237E+00
    46.400   0.575663E+00
    46.500   0.576087E+00
    46.600   0.576508E+00
    46.700   0.576927E+00
    46.800   0.577343E+00
    46.900   0.577755E+00
    47.000   0.578165E+00
    47.100   0.578572E+00
    47.200   0.578977E+00
    47.300   0.579378E+00
    47.400   0.579777E+00
    47.500   0.580173E+00
    47.600   0.580566E+00
    47.700   0.580956E+00
    47.800   0.581344E+00
    47.900   0.581730E+00
    48.000   0.582113E+00
    48.100   0.582495E+00
    48.200   0.582874E+00
    48.300   0.583251E+00
    48.400   0.583627E+00
    48.500   0.584001E+00
    48.600   0.584374E+00
    48.700   0.584745E+00
    48.800   0.585115E+00
    48.900   0.585484E+00
    49.000   0.585853E+00
    49.100   0.586220E+00
    49.200   0.586587E+00
    49.300   0.586954E+00
    49.400   0.587320E+00
    49.500   0.587685E+00
    49.600   0.588051E+00
    49.700   0.588417E+00
    49.800   0.588782E+00
    49.900   0.589147E+00
    50.000   0.589513E+00
    50.100   0.589878E+00
    50.200   0.590244E+00
    50.300   0.590609E+00
    50.400   0.590975E+00
    50.500   0.591341E+00
    50.600   0.591707E+00
    50.700   0.592073E+00
    50.800   0.592439E+00
    50.900   0.592804E+00
    51.000   0.593170E+00
    51.100   0.593535E+00
    51.200   0.593900E+00
    51.300   0.594265E+00
    51.400   0.594629E+00
    51.500   0.594992E+00
    51.600   0.595355E+00
    51.700   0.595717E+00
    51.800   0.596079E+00
    51.900   0.596439E+00
    52.000   0.596799E+00
    52.100   0.597157E+00
    52.200   0.597514E+00
    52.300   0.597870E+00
    52.400   0.598224E+00
    52.500   0.598577E+00
    52.600   0.598929E+00
    52.700   0.599279E+00
    52.800   0.599628E+00
    52.900   0.599975E+00
    53.000   0.600320E+00
    53.100   0.600664E+00
    53.200   0.601006E+00
    53.300   0.601346E+00
    53.400   0.601684E+00
    53.500   0.602021E+00
    53.600   0.602356E+00
    53.700   0.602690E+00
    53.800   0.603022E+00
    53.900   0.603352E+00
    54.000   0.603681E+00
    54.100   0.604008E+00
    54.200   0.604334E+00
    54.300   0.604658E+00
    54.400   0.604981E+00
    54.500   0.605302E+00
    54.600   0.605623E+00
    54.700   0.605942E+00
    54.800   0.606260E+00
    54.900   0.606577E+00
    55.000   0.606892E+00
    55.100   0.607207E+00
    55.200   0.607522E+00
    55.300   0.607835E+00
    55.400   0.608147E+00
    55.500   0.608459E+00
    55.600   0.608770E+00
    55.700   0.609081E+00
    55.800   0.609390E+00
    55.900   0.609700E+00
    56.000   0.610009E+00
    56.100   0.610317E+00
    56.200   0.610625E+00
    56.300   0.610932E+00
    56.400   0.611239E+00
    56.500   0.611546E+00
    56.600   0.611852E+00
    56.700   0.612158E+00
    56.800   0.612464E+00
    56.900   0.612768E+00
    57.000   0.613073E+00
    57.100   0.613377E+00
    57.200   0.613681E+00
    57.300   0.613984E+00
    57.400   0.614286E+00
    57.500   0.614588E+00
    57.600   0.614889E+00
    57.700   0.615190E+00
    57.800   0.615490E+00
    57.900   0.615789E+00
    58.000   0.616088E+00
    58.100   0.616385E+00
    58.200   0.616682E+00
    58.300   0.616978E+00
    58.400   0.617274E+00
    58.500   0.617568E+00
    58.600   0.617861E+00
    58.700   0.618153E+00
    58.800   0.618445E+00
    58.900   0.618735E+00
    59.000   0.619024E+00
    59.100   0.619312E+00
    59.200   0.619599E+00
    59.300   0.619885E+00
    59.400   0.620170E+00
    59.500   0.620453E+00
    59.600   0.620736E+00
    59.700   0.621017E+00
    59.800   0.621297E+00
    59.900   0.621576E+00
    60.000   0.621854E+00
    60.100   0.622131E+00
    60.200   0.622407E+00
    60.300   0.622682E+00
    60.400   0.622956E+00
    60.500   0.623228E+00
    60.600   0.623500E+00
    60.700   0.623771E+00
    60.800   0.624040E+00
    60.900   0.624309E+00
    61.000   0.624577E+00
    61.100   0.624844E+00
    61.200   0.625110E+00
    61.300   0.625375E+00
    61.400   0.625640E+00
    61.500   0.625904E+00
    61.600   0.626167E+00
    61.700   0.626429E+00
    61.800   0.626690E+00
    61.900   0.626951E+00
    62.000   0.627212E+00
    62.100   0.627471E+00
    62.200   0.627730E+00
    62.300   0.627989E+00
    62.400   0.628246E+00
    62.500   0.628504E+00
    62.600   0.628760E+00
    62.700   0.629016E+00
    62.800   0.629272E+00
    62.900   0.629527E+00
    63.000   0.629781E+00
    63.100   0.630035E+00
    63.200   0.630288E+00
    63.300   0.630541E+00
    63.400   0.630793E+00
    63.500   0.631044E+00
    63.600   0.631295E+00
    63.700   0.631545E+00
    63.800   0.631795E+00
    63.900   0.632044E+00
    64.000   0.632292E+00
    64.100   0.632540E+00
    64.200   0.632787E+00
    64.300   0.633033E+00
    64.400   0.633279E+00
    64.500   0.633524E+00
    64.600   0.633768E+00
    64.700   0.634012E+00
    64.800   0.634254E+00
    64.900   0.634496E+00
    65.000   0.634737E+00
    65.100   0.634978E+00
    65.200   0.635217E+00
    65.300   0.635456E+00
    65.400   0.635694E+00
    65.500   0.635931E+00
    65.600   0.636167E+00
    65.700   0.636402E+00
    65.800   0.636637E+00
    65.900   0.636871E+00
    66.000   0.637104E+00
    66.100   0.637336E+00
    66.200   0.637567E+00
    66.300   0.637797E+00
    66.400   0.638027E+00
    66.500   0.638256E+00
    66.600   0.638484E+00
    66.700   0.638711E+00
    66.800   0.638937E+00
    66.900   0.639163E+00
    67.000   0.639388E+00
    67.100   0.639612E+00
    67.200   0.639835E+00
    67.300   0.640058E+00
    67.400   0.640280E+00
    67.500   0.640501E+00
    67.600   0.640722E+00
    67.700   0.640941E+00
    67.800   0.641161E+00
    67.900   0.641379E+00
    68.000   0.641597E+00
    68.100   0.641814E+00
    68.200   0.642031E+00
    68.300   0.642247E+00
    68.400   0.642462E+00
    68.500   0.642677E+00
    68.600   0.642891E+00
    68.700   0.643105E+00
    68.800   0.643318E+00
    68.900   0.643530E+00
    69.000   0.643742E+00
    69.100   0.643953E+00
    69.200   0.644164E+00
    69.300   0.644374E+00
    69.400   0.644584E+00
    69.500   0.644793E+00
    69.600   0.645001E+00
    69.700   0.645209E+00
    69.800   0.645416E+00
    69.900   0.645623E+00
    70.000   0.645829E+00
    70.100   0.646035E+00
    70.200   0.646240E+00
    70.300   0.646444E+00
    70.400   0.646648E+00
    70.500   0.646851E+00
    70.600   0.647053E+00
    70.700   0.647255E+00
    70.800   0.647456E+00
    70.900   0.647657E+00
    71.000   0.647857E+00
    71.100   0.648056E+00
    71.200   0.648255E+00
    71.300   0.648453E+00
    71.400   0.648650E+00
    71.500   0.648847E+00
    71.600   0.649043E+00
    71.700   0.649239E+00
    71.800   0.649433E+00
    71.900   0.649627E+00
    72.000   0.649821E+00
    72.100   0.650014E+00
    72.200   0.650206E+00
    72.300   0.650397E+00
    72.400   0.650588E+00
    72.500   0.650778E+00
    72.600   0.650968E+00
    72.700   0.651157E+00
    72.800   0.651345E+00
    72.900   0.651532E+00
    73.000   0.651719E+00
    73.100   0.651906E+00
    73.200   0.652091E+00
    73.300   0.652276E+00
    73.400   0.652461E+00
    73.500   0.652645E+00
    73.600   0.652828E+00
    73.700   0.653010E+00
    73.800   0.653192E+00
    73.900   0.653374E+00
    74.000   0.653555E+00
    74.100   0.653735E+00
    74.200   0.653915E+00
    74.300   0.654094E+00
    74.400   0.654272E+00
    74.500   0.654450E+00
    74.600   0.654628E+00
    74.700   0.654805E+00
    74.800   0.654981E+00
    74.900   0.655157E+00
    75.000   0.655332E+00
    75.100   0.655507E+00
    75.200   0.655681E+00
    75.300   0.655855E+00
    75.400   0.656028E+00
    75.500   0.656200E+00
    75.600   0.656372E+00
    75.700   0.656544E+00
    75.800   0.656715E+00
    75.900   0.656885E+00
    76.000   0.657055E+00
    76.100   0.657225E+00
    76.200   0.657394E+00
    76.300   0.657562E+00
    76.400   0.657730E+00
    76.500   0.657897E+00
    76.600   0.658064E+00
    76.700   0.658230E+00
    76.800   0.658396E+00
    76.900   0.658561E+00
    77.000   0.658725E+00
    77.100   0.658889E+00
    77.200   0.659053E+00
    77.300   0.659216E+00
    77.400   0.659378E+00
    77.500   0.659540E+00
    77.600   0.659702E+00
    77.700   0.659862E+00
    77.800   0.660023E+00
    77.900   0.660182E+00
    78.000   0.660341E+00
    78.100   0.660500E+00
    78.200   0.660658E+00
    78.300   0.660816E+00
    78.400   0.660973E+00
    78.500   0.661129E+00
    78.600   0.661285E+00
    78.700   0.661440E+00
    78.800   0.661595E+00
    78.900   0.661749E+00
    79.000   0.661903E+00
    79.100   0.662056E+00
    79.200   0.662209E+00
    79.300   0.662361E+00
    79.400   0.662512E+00
    79.500   0.662664E+00
    79.600   0.662814E+00
    79.700   0.662964E+00
    79.800   0.663114E+00
    79.900   0.663263E+00
    80.000   0.663411E+00
    80.100   0.663559E+00
    80.200   0.663706E+00
    80.300   0.663853E+00
    80.400   0.664000E+00
    80.500   0.664146E+00
    80.600   0.664291E+00
    80.700   0.664436E+00
    80.800   0.664581E+00
    80.900   0.664725E+00
    81.000   0.664868E+00
    81.100   0.665011E+00
    81.200   0.665154E+00
    81.300   0.665296E+00
    81.400   0.665437E+00
    81.500   0.665578E+00
    81.600   0.665719E+00
    81.700   0.665859E+00
    81.800   0.665999E+00
    81.900   0.666138E+00
    82.000   0.666277E+00
    82.100   0.666415E+00
    82.200   0.666553E+00
    82.300   0.666690E+00
    82.400   0.666827E+00
    82.500   0.666963E+00
    82.600   0.667099E+00
    82.700   0.667235E+00
    82.800   0.667370E+00
    82.900   0.667504E+00
    83.000   0.667638E+00
    83.100   0.667772E+00
    83.200   0.667905E+00
    83.300   0.668037E+00
    83.400   0.668170E+00
    83.500   0.668301E+00
    83.600   0.668432E+00
    83.700   0.668563E+00
    83.800   0.668694E+00
    83.900   0.668823E+00
    84.000   0.668953E+00
    84.100   0.669082E+00
    84.200   0.669210E+00
    84.300   0.669338E+00
    84.400   0.669466E+00
    84.500   0.669593E+00
    84.600   0.669719E+00
    84.700   0.669845E+00
    84.800   0.669971E+00
    84.900   0.670096E+00
    85.000   0.670221E+00
    85.100   0.670345E+00
    85.200   0.670469E+00
    85.300   0.670592E+00
    85.400   0.670715E+00
    85.500   0.670838E+00
    85.600   0.670960E+00
    85.700   0.671081E+00
    85.800   0.671202E+00
    85.900   0.671323E+00
    86.000   0.671443E+00
    86.100   0.671563E+00
    86.200   0.671682E+00
    86.300   0.671801E+00
    86.400   0.671920E+00
    86.500   0.672038E+00
    86.600   0.672155E+00
    86.700   0.672272E+00
    86.800   0.672389E+00
    86.900   0.672505E+00
    87.000   0.672621E+00
    87.100   0.672737E+00
    87.200   0.672852E+00
    87.300   0.672966E+00
    87.400   0.673080E+00
    87.500   0.673194E+00
    87.600   0.673307E+00
    87.700   0.673420E+00
    87.800   0.673533E+00
    87.900   0.673645E+00
    88.000   0.673756E+00
    88.100   0.673868E+00
    88.200   0.673978E+00
    88.300   0.674089E+00
    88.400   0.674199E+00
    88.500   0.674308E+00
    88.600   0.674418E+00
    88.700   0.674526E+00
    88.800   0.674635E+00
    88.900   0.674743E+00
    89.000   0.674850E+00
    89.100   0.674957E+00
    89.200   0.675064E+00
    89.300   0.675170E+00
    89.400   0.675276E+00
    89.500   0.675382E+00
    89.600   0.675487E+00
    89.700   0.675591E+00
    89.800   0.675696E+00
    89.900   0.675800E+00
    90.000   0.675903E+00
    90.100   0.676006E+00
    90.200   0.676109E+00
    90.300   0.676211E+00
    90.400   0.676313E+00
    90.500   0.676414E+00
    90.600   0.676516E+00
    90.700   0.676616E+00
    90.800   0.676716E+00
    90.900   0.676816E+00
    91.000   0.676916E+00
    91.100   0.677015E+00
    91.200   0.677114E+00
    91.300   0.677212E+00
    91.400   0.677310E+00
    91.500   0.677407E+00
    91.600   0.677504E+00
    91.700   0.677601E+00
    91.800   0.677698E+00
    91.900   0.677794E+00
    92.000   0.677889E+00
    92.100   0.677984E+00
    92.200   0.678079E+00
    92.300   0.678174E+00
    92.400   0.678268E+00
    92.500   0.678361E+00
    92.600   0.678455E+00
    92.700   0.678548E+00
    92.800   0.678640E+00
    92.900   0.678732E+00
    93.000   0.678824E+00
    93.100   0.678915E+00
    93.200   0.679006E+00
    93.300   0.679097E+00
    93.400   0.679187E+00
    93.500   0.679277E+00
    93.600   0.679367E+00
    93.700   0.679456E+00
    93.800   0.679545E+00
    93.900   0.679633E+00
    94.000   0.679721E+00
    94.100   0.679809E+00
    94.200   0.679897E+00
    94.300   0.679984E+00
    94.400   0.680070E+00
    94.500   0.680156E+00
    94.600   0.680242E+00
    94.700   0.680328E+00
    94.800   0.680413E+00
    94.900   0.680498E+00
    95.000   0.680583E+00
    95.100   0.680667E+00
    95.200   0.680750E+00
    95.300   0.680834E+00
    95.400   0.680917E+00
    95.500   0.681000E+00
    95.600   0.681082E+00
    95.700   0.681164E+00
    95.800   0.681246E+00
    95.900   0.681327E+00
    96.000   0.681408E+00
    96.100   0.681489E+00
    96.200   0.681569E+00
    96.300   0.681649E+00
    96.400   0.681728E+00
    96.500   0.681808E+00
    96.600   0.681887E+00
    96.700   0.681965E+00
    96.800   0.682043E+00
    96.900   0.682121E+00
    97.000   0.682199E+00
    97.100   0.682276E+00
    97.200   0.682353E+00
    97.300   0.682429E+00
    97.400   0.682505E+00
    97.500   0.682581E+00
    97.600   0.682657E+00
    97.700   0.682732E+00
    97.800   0.682806E+00
    97.900   0.682881E+00
    98.000   0.682955E+00
    98.100   0.683029E+00
    98.200   0.683102E+00
    98.300   0.683175E+00
    98.400   0.683248E+00
    98.500   0.683321E+00
    98.600   0.683393E+00
    98.700   0.683465E+00
    98.800   0.683536E+00
    98.900   0.683607E+00
    99.000   0.683678E+00
    99.100   0.683749E+00
    99.200   0.683819E+00
    99.300   0.683889E+00
    99.400   0.683958E+00
    99.500   0.684027E+00
    99.600   0.684096E+00
    99.700   0.684165E+00
    99.800   0.684233E+00
    99.900   0.684301E+00
   100.000   0.684369E+00
   100.100   0.684436E+00
   100.200   0.684503E+00
   100.300   0.684569E+00
   100.400   0.684636E+00
   100.500   0.684702E+00
   100.600   0.684768E+00
   100.700   0.684833E+00
   100.800   0.684898E+00
   100.900   0.684963E+00
   101.000   0.685027E+00
   101.100   0.685091E+00
   101.200   0.685155E+00
   101.300   0.685219E+00
   101.400   0.685282E+00
   101.500   0.685345E+00
   101.600   0.685408E+00
   101.700   0.685470E+00
   101.800   0.685532E+00
   101.900   0.685594E+00
   102.000   0.685655E+00
   102.100   0.685716E+00
   102.200   0.685777E+00
   102.300   0.685837E+00
   102.400   0.685898E+00
   102.500   0.685957E+00
   102.600   0.686017E+00
   102.700   0.686076E+00
   102.800   0.686135E+00
   102.900   0.686194E+00
   103.000   0.686252E+00
   103.100   0.686311E+00
   103.200   0.686368E+00
   103.300   0.686426E+00
   103.400   0.686483E+00
   103.500   0.686540E+00
   103.600   0.686597E+00
   103.700   0.686653E+00
   103.800   0.686709E+00
   103.900   0.686765E+00
   104.000   0.686820E+00
   104.100   0.686875E+00
   104.200   0.686930E+00
   104.300   0.686985E+00
   104.400   0.687039E+00
   104.500   0.687093E+00
   104.600   0.687147E+00
   104.700   0.687200E+00
   104.800   0.687253E+00
   104.900   0.687306E+00
   105.000   0.687359E+00
   105.100   0.687411E+00
   105.200   0.687463E+00
   105.300   0.687515E+00
   105.400   0.687566E+00
   105.500   0.687618E+00
   105.600   0.687668E+00
   105.700   0.687719E+00
   105.800   0.687769E+00
   105.900   0.687819E+00
   106.000   0.687869E+00
   106.100   0.687919E+00
   106.200   0.687968E+00
   106.300   0.688017E+00
   106.400   0.688066E+00
   106.500   0.688114E+00
   106.600   0.688162E+00
   106.700   0.688210E+00
   106.800   0.688258E+00
   106.900   0.688305E+00
   107.000   0.688352E+00
   107.100   0.688399E+00
   107.200   0.688445E+00
   107.300   0.688492E+00
   107.400   0.688538E+00
   107.500   0.688583E+00
   107.600   0.688629E+00
   107.700   0.688674E+00
   107.800   0.688719E+00
   107.900   0.688763E+00
   108.000   0.688808E+00
   108.100   0.688852E+00
   108.200   0.688896E+00
   108.300   0.688939E+00
   108.400   0.688983E+00
   108.500   0.689026E+00
   108.600   0.689069E+00
   108.700   0.689111E+00
   108.800   0.689154E+00
   108.900   0.689196E+00
   109.000   0.689237E+00
   109.100   0.689279E+00
   109.200   0.689320E+00
   109.300   0.689361E+00
   109.400   0.689402E+00
   109.500   0.689442E+00
   109.600   0.689483E+00
   109.700   0.689523E+00
   109.800   0.689562E+00
   109.900   0.689602E+00
   110.000   0.689641E+00
   110.100   0.689680E+00
   110.200   0.689719E+00
   110.300   0.689757E+00
   110.400   0.689795E+00
   110.500   0.689833E+00
   110.600   0.689871E+00
   110.700   0.689909E+00
   110.800   0.689946E+00
   110.900   0.689983E+00
   111.000   0.690020E+00
   111.100   0.690056E+00
   111.200   0.690092E+00
   111.300   0.690128E+00
   111.400   0.690164E+00
   111.500   0.690200E+00
   111.600   0.690235E+00
   111.700   0.690270E+00
   111.800   0.690305E+00
   111.900   0.690339E+00
   112.000   0.690374E+00
   112.100   0.690408E+00
   112.200   0.690441E+00
   112.300   0.690475E+00
   112.400   0.690508E+00
   112.500   0.690541E+00
   112.600   0.690574E+00
   112.700   0.690607E+00
   112.800   0.690639E+00
   112.900   0.690672E+00
   113.000   0.690703E+00
   113.100   0.690735E+00
   113.200   0.690767E+00
   113.300   0.690798E+00
   113.400   0.690829E+00
   113.500   0.690860E+00
   113.600   0.690890E+00
   113.700   0.690920E+00
   113.800   0.690951E+00
   113.900   0.690980E+00
   114.000   0.691010E+00
   114.100   0.691039E+00
   114.200   0.691069E+00
   114.300   0.691098E+00
   114.400   0.691126E+00
   114.500   0.691155E+00
   114.600   0.691183E+00
   114.700   0.691211E+00
   114.800   0.691239E+00
   114.900   0.691266E+00
   115.000   0.691294E+00
   115.100   0.691321E+00
   115.200   0.691348E+00
   115.300   0.691374E+00
   115.400   0.691401E+00
   115.500   0.691427E+00
   115.600   0.691453E+00
   115.700   0.691479E+00
   115.800   0.691505E+00
   115.900   0.691530E+00
   116.000   0.691555E+00
   116.100   0.691580E+00
   116.200   0.691605E+00
   116.300   0.691629E+00
   116.400   0.691653E+00
   116.500   0.691677E+00
   116.600   0.691701E+00
   116.700   0.691725E+00
   116.800   0.691748E+00
   116.900   0.691772E+00
   117.000   0.691795E+00
   117.100   0.691817E+00
   117.200   0.691840E+00
   117.300   0.691862E+00
   117.400   0.691884E+00
   117.500   0.691906E+00
   117.600   0.691928E+00
   117.700   0.691950E+00
   117.800   0.691971E+00
   117.900   0.691992E+00
   118.000   0.692013E+00
   118.100   0.692033E+00
   118.200   0.692054E+00
   118.300   0.692074E+00
   118.400   0.692094E+00
   118.500   0.692114E+00
   118.600   0.692134E+00
   118.700   0.692153E+00
   118.800   0.692172E+00
   118.900   0.692191E+00
   119.000   0.692210E+00
   119.100   0.692229E+00
   119.200   0.692247E+00
   119.300   0.692265E+00
   119.400   0.692283E+00
   119.500   0.692301E+00
   119.600   0.692319E+00
   119.700   0.692336E+00
   119.800   0.692354E+00
   119.900   0.692371E+00
   120.000   0.692387E+00
   120.100   0.692404E+00
   120.200   0.692420E+00
   120.300   0.692437E+00
   120.400   0.692453E+00
   120.500   0.692469E+00
   120.600   0.692484E+00
   120.700   0.692500E+00
   120.800   0.692515E+00
   120.900   0.692530E+00
   121.000   0.692545E+00
   121.100   0.692559E+00
   121.200   0.692574E+00
   121.300   0.692588E+00
   121.400   0.692602E+00
   121.500   0.692616E+00
   121.600   0.692630E+00
   121.700   0.692643E+00
   121.800   0.692657E+00
   121.900   0.692670E+00
   122.000   0.692683E+00
   122.100   0.692696E+00
   122.200   0.692708E+00
   122.300   0.692720E+00
   122.400   0.692733E+00
   122.500   0.692745E+00
   122.600   0.692756E+00
   122.700   0.692768E+00
   122.800   0.692780E+00
   122.900   0.692791E+00
   123.000   0.692802E+00
   123.100   0.692813E+00
   123.200   0.692824E+00
   123.300   0.692834E+00
   123.400   0.692844E+00
   123.500   0.692855E+00
   123.600   0.692865E+00
   123.700   0.692874E+00
   123.800   0.692884E+00
   123.900   0.692893E+00
   124.000   0.692903E+00
   124.100   0.692912E+00
   124.200   0.692921E+00
   124.300   0.692929E+00
   124.400   0.692938E+00
   124.500   0.692946E+00
   124.600   0.692954E+00
   124.700   0.692962E+00
   124.800   0.692970E+00
   124.900   0.692978E+00
   125.000   0.692985E+00
   125.100   0.692993E+00
   125.200   0.693000E+00
   125.300   0.693007E+00
   125.400   0.693014E+00
   125.500   0.693020E+00
   125.600   0.693027E+00
   125.700   0.693033E+00
   125.800   0.693039E+00
   125.900   0.693045E+00
   126.000   0.693051E+00
   126.100   0.693056E+00
   126.200   0.693062E+00
   126.300   0.693067E+00
   126.400   0.693072E+00
   126.500   0.693077E+00
   126.600   0.693082E+00
   126.700   0.693086E+00
   126.800   0.693091E+00
   126.900   0.693095E+00
   127.000   0.693099E+00
   127.100   0.693103E+00
   127.200   0.693106E+00
   127.300   0.693110E+00
   127.400   0.693113E+00
   127.500   0.693117E+00
   127.600   0.693120E+00
   127.700   0.693123E+00
   127.800   0.693125E+00
   127.900   0.693128E+00
   128.000   0.693130E+00
   128.100   0.693133E+00
   128.200   0.693135E+00
   128.300   0.693137E+00
   128.400   0.693138E+00
   128.500   0.693140E+00
   128.600   0.693141E+00
   128.700   0.693143E+00
   128.800   0.693144E+00
   128.900   0.693145E+00
   129.000   0.693146E+00
   129.100   0.693146E+00
   129.200   0.693147E+00
   129.300   0.693147E+00
   129.400   0.693147E+00
   129.500   0.693147E+00
   129.600   0.693147E+00
   129.700   0.693147E+00
   129.800   0.693146E+00
   129.900   0.693146E+00
   130.000   0.693145E+00
   130.100   0.693144E+00
   130.200   0.693143E+00
   130.300   0.693142E+00
   130.400   0.693140E+00
   130.500   0.693139E+00
   130.600   0.693137E+00
   130.700   0.693135E+00
   130.800   0.693133E+00
   130.900   0.693131E+00
   131.000   0.693129E+00
   131.100   0.693126E+00
   131.200   0.693124E+00
   131.300   0.693121E+00
   131.400   0.693118E+00
   131.500   0.693115E+00
   131.600   0.693112E+00
   131.700   0.693108E+00
   131.800   0.693105E+00
   131.900   0.693101E+00
   132.000   0.693098E+00
   132.100   0.693094E+00
   132.200   0.693090E+00
   132.300   0.693085E+00
   132.400   0.693081E+00
   132.500   0.693076E+00
   132.600   0.693072E+00
   132.700   0.693067E+00
   132.800   0.693062E+00
   132.900   0.693057E+00
   133.000   0.693052E+00
   133.100   0.693046E+00
   133.200   0.693041E+00
   133.300   0.693035E+00
   133.400   0.693029E+00
   133.500   0.693023E+00
   133.600   0.693017E+00
   133.700   0.693011E+00
   133.800   0.693005E+00
   133.900   0.692998E+00
   134.000   0.692991E+00
   134.100   0.692985E+00
   134.200   0.692978E+00
   134.300   0.692971E+00
   134.400   0.692963E+00
   134.500   0.692956E+00
   134.600   0.692948E+00
   134.700   0.692941E+00
   134.800   0.692933E+00
   134.900   0.692925E+00
   135.000   0.692917E+00
   135.100   0.692909E+00
   135.200   0.692901E+00
   135.300   0.692892E+00
   135.400   0.692884E+00
   135.500   0.692875E+00
   135.600   0.692866E+00
   135.700   0.692857E+00
   135.800   0.692848E+00
   135.900   0.692839E+00
   136.000   0.692829E+00
   136.100   0.692820E+00
   136.200   0.692810E+00
   136.300   0.692800E+00
   136.400   0.692790E+00
   136.500   0.692780E+00
   136.600   0.692770E+00
   136.700   0.692760E+00
   136.800   0.692749E+00
   136.900   0.692739E+00
   137.000   0.692728E+00
   137.100   0.692717E+00
   137.200   0.692706E+00
   137.300   0.692695E+00
   137.400   0.692684E+00
   137.500   0.692673E+00
   137.600   0.692661E+00
   137.700   0.692650E+00
   137.800   0.692638E+00
   137.900   0.692626E+00
   138.000   0.692614E+00
   138.100   0.692602E+00
   138.200   0.692590E+00
   138.300   0.692577E+00
   138.400   0.692565E+00
   138.500   0.692552E+00
   138.600   0.692540E+00
   138.700   0.692527E+00
   138.800   0.692514E+00
   138.900   0.692501E+00
   139.000   0.692487E+00
   139.100   0.692474E+00
   139.200   0.692461E+00
   139.300   0.692447E+00
   139.400   0.692433E+00
   139.500   0.692419E+00
   139.600   0.692405E+00
   139.700   0.692391E+00
   139.800   0.692377E+00
   139.900   0.692363E+00
   140.000   0.692348E+00
   140.100   0.692334E+00
   140.200   0.692319E+00
   140.300   0.692304E+00
   140.400   0.692289E+00
   140.500   0.692274E+00
   140.600   0.692259E+00
   140.700   0.692244E+00
   140.800   0.692229E+00
   140.900   0.692213E+00
   141.000   0.692198E+00
   141.100   0.692182E+00
   141.200   0.692166E+00
   141.300   0.692150E+00
   141.400   0.692134E+00
   141.500   0.692118E+00
   141.600   0.692101E+00
   141.700   0.692085E+00
   141.800   0.692068E+00
   141.900   0.692052E+00
   142.000   0.692035E+00
   142.100   0.692018E+00
   142.200   0.692001E+00
   142.300   0.691984E+00
   142.400   0.691967E+00
   142.500   0.691949E+00
   142.600   0.691932E+00
   142.700   0.691914E+00
   142.800   0.691897E+00
   142.900   0.691879E+00
   143.000   0.691861E+00
   143.100   0.691843E+00
   143.200   0.691825E+00
   143.300   0.691807E+00
   143.400   0.691788E+00
   143.500   0.691770E+00
   143.600   0.691751E+00
   143.700   0.691733E+00
   143.800   0.691714E+00
   143.900   0.691695E+00
   144.000   0.691676E+00
   144.100   0.691657E+00
   144.200   0.691638E+00
   144.300   0.691619E+00
   144.400   0.691599E+00
   144.500   0.691580E+00
   144.600   0.691560E+00
   144.700   0.691540E+00
   144.800   0.691521E+00
   144.900   0.691501E+00
   145.000   0.691481E+00
   145.100   0.691460E+00
   145.200   0.691440E+00
   145.300   0.691420E+00
   145.400   0.691399E+00
   145.500   0.691379E+00
   145.600   0.691358E+00
   145.700   0.691337E+00
   145.800   0.691316E+00
   145.900   0.691296E+00
   146.000   0.691274E+00
   146.100   0.691253E+00
   146.200   0.691232E+00
   146.300   0.691211E+00
   146.400   0.691189E+00
   146.500   0.691168E+00
   146.600   0.691146E+00
   146.700   0.691124E+00
   146.800   0.691102E+00
   146.900   0.691080E+00
   147.000   0.691058E+00
   147.100   0.691036E+00
   147.200   0.691014E+00
   147.300   0.690991E+00
   147.400   0.690969E+00
   147.500   0.690946E+00
   147.600   0.690924E+00
   147.700   0.690901E+00
   147.800   0.690878E+00
   147.900   0.690855E+00
   148.000   0.690832E+00
   148.100   0.690809E+00
   148.200   0.690786E+00
   148.300   0.690762E+00
   148.400   0.690739E+00
   148.500   0.690715E+00
   148.600   0.690692E+00
   148.700   0.690668E+00
   148.800   0.690644E+00
   148.900   0.690620E+00
   149.000   0.690596E+00
   149.100   0.690572E+00
   149.200   0.690548E+00
   149.300   0.690524E+00
   149.400   0.690499E+00
   149.500   0.690475E+00
   149.600   0.690450E+00
   149.700   0.690426E+00
   149.800   0.690401E+00
   149.900   0.690376E+00
   150.000   0.690351E+00
   150.100   0.690326E+00
   150.200   0.690301E+00
   150.300   0.690276E+00
   150.400   0.690251E+00
   150.500   0.690225E+00
   150.600   0.690200E+00
   150.700   0.690174E+00
   150.800   0.690149E+00
   150.900   0.690123E+00
   151.000   0.690097E+00
   151.100   0.690071E+00
   151.200   0.690045E+00
   151.300   0.690019E+00
   151.400   0.689993E+00
   151.500   0.689967E+00
   151.600   0.689940E+00
   151.700   0.689914E+00
   151.800   0.689887E+00
   151.900   0.689861E+00
   152.000   0.689834E+00
   152.100   0.689807E+00
   152.200   0.689780E+00
   152.300   0.689753E+00
   152.400   0.689726E+00
   152.500   0.689699E+00
   152.600   0.689672E+00
   152.700   0.689645E+00
   152.800   0.689617E+00
   152.900   0.689590E+00
   153.000   0.689562E+00
   153.100   0.689535E+00
   153.200   0.689507E+00
   153.300   0.689479E+00
   153.400   0.689451E+00
   153.500   0.689423E+00
   153.600   0.689395E+00
   153.700   0.689367E+00
   153.800   0.689339E+00
   153.900   0.689311E+00
   154.000   0.689282E+00
   154.100   0.689254E+00
   154.200   0.689225E+00
   154.300   0.689197E+00
   154.400   0.689168E+00
   154.500   0.689139E+00
   154.600   0.689110E+00
   154.700   0.689081E+00
   154.800   0.689052E+00
   154.900   0.689023E+00
   155.000   0.688994E+00
   155.100   0.688965E+00
   155.200   0.688936E+00
   155.300   0.688906E+00
   155.400   0.688877E+00
   155.500   0.688847E+00
   155.600   0.688818E+00
   155.700   0.688788E+00
   155.800   0.688758E+00
   155.900   0.688728E+00
   156.000   0.688698E+00
   156.100   0.688668E+00
   156.200   0.688638E+00
   156.300   0.688608E+00
   156.400   0.688578E+00
   156.500   0.688547E+00
   156.600   0.688517E+00
   156.700   0.688487E+00
   156.800   0.688456E+00
   156.900   0.688425E+00
   157.000   0.688395E+00
   157.100   0.688364E+00
   157.200   0.688333E+00
   157.300   0.688302E+00
   157.400   0.688271E+00
   157.500   0.688240E+00
   157.600   0.688209E+00
   157.700   0.688178E+00
   157.800   0.688147E+00
   157.900   0.688115E+00
   158.000   0.688084E+00
   158.100   0.688052E+00
   158.200   0.688021E+00
   158.300   0.687989E+00
   158.400   0.687957E+00
   158.500   0.687926E+00
   158.600   0.687894E+00
   158.700   0.687862E+00
   158.800   0.687830E+00
   158.900   0.687798E+00
   159.000   0.687766E+00
   159.100   0.687733E+00
   159.200   0.687701E+00
   159.300   0.687669E+00
   159.400   0.687636E+00
   159.500   0.687604E+00
   159.600   0.687571E+00
   159.700   0.687539E+00
   159.800   0.687506E+00
   159.900   0.687473E+00
   160.000   0.687440E+00
   160.100   0.687408E+00
   160.200   0.687375E+00
   160.300   0.687342E+00
   160.400   0.687308E+00
   160.500   0.687275E+00
   160.600   0.687242E+00
   160.700   0.687209E+00
   160.800   0.687175E+00
   160.900   0.687142E+00
   161.000   0.687108E+00
   161.100   0.687075E+00
   161.200   0.687041E+00
   161.300   0.687008E+00
   161.400   0.686974E+00
   161.500   0.686940E+00
   161.600   0.686906E+00
   161.700   0.686872E+00
   161.800   0.686838E+00
   161.900   0.686804E+00
   162.000   0.686770E+00
   162.100   0.686736E+00
   162.200   0.686702E+00
   162.300   0.686667E+00
   162.400   0.686633E+00
   162.500   0.686598E+00
   162.600   0.686564E+00
   162.700   0.686529E+00
   162.800   0.686495E+00
   162.900   0.686460E+00
   163.000   0.686425E+00
   163.100   0.686390E+00
   163.200   0.686355E+00
   163.300   0.686321E+00
   163.400   0.686286E+00
   163.500   0.686250E+00
   163.600   0.686215E+00
   163.700   0.686180E+00
   163.800   0.686145E+00
   163.900   0.686110E+00
   164.000   0.686074E+00
   164.100   0.686039E+00
   164.200   0.686003E+00
   164.300   0.685968E+00
   164.400   0.685932E+00
   164.500   0.685896E+00
   164.600   0.685861E+00
   164.700   0.685825E+00
   164.800   0.685789E+00
   164.900   0.685753E+00
   165.000   0.685717E+00
   165.100   0.685681E+00
   165.200   0.685645E+00
   165.300   0.685609E+00
   165.400   0.685573E+00
   165.500   0.685537E+00
   165.600   0.685500E+00
   165.700   0.685464E+00
   165.800   0.685428E+00
   165.900   0.685391E+00
   166.000   0.685355E+00
   166.100   0.685318E+00
   166.200   0.685281E+00
   166.300   0.685245E+00
   166.400   0.685208E+00
   166.500   0.685171E+00
   166.600   0.685134E+00
   166.700   0.685097E+00
   166.800   0.685060E+00
   166.900   0.685023E+00
   167.000   0.684986E+00
   167.100   0.684949E+00
   167.200   0.684912E+00
   167.300   0.684875E+00
   167.400   0.684837E+00
   167.500   0.684800E+00
   167.600   0.684763E+00
   167.700   0.684725E+00
   167.800   0.684688E+00
   167.900   0.684650E+00
   168.000   0.684613E+00
   168.100   0.684575E+00
   168.200   0.684537E+00
   168.300   0.684500E+00
   168.400   0.684462E+00
   168.500   0.684424E+00
   168.600   0.684386E+00
   168.700   0.684348E+00
   168.800   0.684310E+00
   168.900   0.684272E+00
   169.000   0.684234E+00
   169.100   0.684196E+00
   169.200   0.684157E+00
   169.300   0.684119E+00
   169.400   0.684081E+00
   169.500   0.684042E+00
   169.600   0.684004E+00
   169.700   0.683966E+00
   169.800   0.683927E+00
   169.900   0.683888E+00
   170.000   0.683850E+00
   170.100   0.683811E+00
   170.200   0.683772E+00
   170.300   0.683734E+00
   170.400   0.683695E+00
   170.500   0.683656E+00
   170.600   0.683617E+00
   170.700   0.683578E+00
   170.800   0.683539E+00
   170.900   0.683500E+00
   171.000   0.683461E+00
   171.100   0.683422E+00
   171.200   0.683383E+00
   171.300   0.683343E+00
   171.400   0.683304E+00
   171.500   0.683265E+00
   171.600   0.683225E+00
   171.700   0.683186E+00
   171.800   0.683147E+00
   171.900   0.683107E+00
   172.000   0.683068E+00
   172.100   0.683028E+00
   172.200   0.682988E+00
   172.300   0.682949E+00
   172.400   0.682909E+00
   172.500   0.682869E+00
   172.600   0.682829E+00
   172.700   0.682789E+00
   172.800   0.682749E+00
   172.900   0.682709E+00
   173.000   0.682669E+00
   173.100   0.682629E+00
   173.200   0.682589E+00
   173.300   0.682549E+00
   173.400   0.682509E+00
   173.500   0.682469E+00
   173.600   0.682429E+00
   173.700   0.682388E+00
   173.800   0.682348E+00
   173.900   0.682308E+00
   174.000   0.682267E+00
   174.100   0.682227E+00
   174.200   0.682186E+00
   174.300   0.682146E+00
   174.400   0.682105E+00
   174.500   0.682064E+00
   174.600   0.682024E+00
   174.700   0.681983E+00
   174.800   0.681942E+00
   174.900   0.681901E+00
   175.000   0.681860E+00
   175.100   0.681820E+00
   175.200   0.681779E+00
   175.300   0.681738E+00
   175.400   0.681697E+00
   175.500   0.681656E+00
   175.600   0.681615E+00
   175.700   0.681573E+00
   175.800   0.681532E+00
   175.900   0.681491E+00
   176.000   0.681450E+00
   176.100   0.681408E+00
   176.200   0.681367E+00
   176.300   0.681326E+00
   176.400   0.681284E+00
   176.500   0.681243E+00
   176.600   0.681201E+00
   176.700   0.681160E+00
   176.800   0.681118E+00
   176.900   0.681077E+00
   177.000   0.681035E+00
   177.100   0.680993E+00
   177.200   0.680952E+00
   177.300   0.680910E+00
   177.400   0.680868E+00
   177.500   0.680826E+00
   177.600   0.680785E+00
   177.700   0.680743E+00
   177.800   0.680701E+00
   177.900   0.680659E+00
   178.000   0.680617E+00
   178.100   0.680575E+00
   178.200   0.680533E+00
   178.300   0.680491E+00
   178.400   0.680448E+00
   178.500   0.680406E+00
   178.600   0.680364E+00
   178.700   0.680322E+00
   178.800   0.680279E+00
   178.900   0.680237E+00
   179.000   0.680195E+00
   179.100   0.680152E+00
   179.200   0.680110E+00
   179.300   0.680068E+00
   179.400   0.680025E+00
   179.500   0.679982E+00
   179.600   0.679940E+00
   179.700   0.679897E+00
   179.800   0.679855E+00
   179.900   0.679812E+00
   180.000   0.679769E+00
   180.100   0.679727E+00
   180.200   0.679684E+00
   180.300   0.679641E+00
   180.400   0.679598E+00
   180.500   0.679555E+00
   180.600   0.679512E+00
   180.700   0.679470E+00
   180.800   0.679427E+00
   180.900   0.679384E+00
   181.000   0.679341E+00
   181.100   0.679297E+00
   181.200   0.679254E+00
   181.300   0.679211E+00
   181.400   0.679168E+00
   181.500   0.679125E+00
   181.600   0.679082E+00
   181.700   0.679038E+00
   181.800   0.678995E+00
   181.900   0.678952E+00
   182.000   0.678909E+00
   182.100   0.678865E+00
   182.200   0.678822E+00
   182.300   0.678778E+00
   182.400   0.678735E+00
   182.500   0.678691E+00
   182.600   0.678648E+00
   182.700   0.678604E+00
   182.800   0.678561E+00
   182.900   0.678517E+00
   183.000   0.678473E+00
   183.100   0.678430E+00
   183.200   0.678386E+00
   183.300   0.678342E+00
   183.400   0.678299E+00
   183.500   0.678255E+00
   183.600   0.678211E+00
   183.700   0.678167E+00
   183.800   0.678123E+00
   183.900   0.678079E+00
   184.000   0.678036E+00
   184.100   0.677992E+00
   184.200   0.677948E+00
   184.300   0.677904E+00
   184.400   0.677860E+00
   184.500   0.677815E+00
   184.600   0.677771E+00
   184.700   0.677727E+00
   184.800   0.677683E+00
   184.900   0.677639E+00
   185.000   0.677595E+00
   185.100   0.677550E+00
   185.200   0.677506E+00
   185.300   0.677462E+00
   185.400   0.677418E+00
   185.500   0.677373E+00
   185.600   0.677329E+00
   185.700   0.677285E+00
   185.800   0.677240E+00
   185.900   0.677196E+00
   186.000   0.677151E+00
   186.100   0.677107E+00
   186.200   0.677062E+00
   186.300   0.677018E+00
   186.400   0.676973E+00
   186.500   0.676929E+00
   186.600   0.676884E+00
   186.700   0.676839E+00
   186.800   0.676795E+00
   186.900   0.676750E+00
   187.000   0.676705E+00
   187.100   0.676660E+00
   187.200   0.676616E+00
   187.300   0.676571E+00
   187.400   0.676526E+00
   187.500   0.676481E+00
   187.600   0.676436E+00
   187.700   0.676391E+00
   187.800   0.676347E+00
   187.900   0.676302E+00
   188.000   0.676257E+00
   188.100   0.676212E+00
   188.200   0.676167E+00
   188.300   0.676122E+00
   188.400   0.676077E+00
   188.500   0.676032E+00
   188.600   0.675986E+00
   188.700   0.675941E+00
   188.800   0.675896E+00
   188.900   0.675851E+00
   189.000   0.675806E+00
   189.100   0.675761E+00
   189.200   0.675715E+00
   189.300   0.675670E+00
   189.400   0.675625E+00
   189.500   0.675580E+00
   189.600   0.675534E+00
   189.700   0.675489E+00
   189.800   0.675444E+00
   189.900   0.675398E+00
   190.000   0.675353E+00
   190.100   0.675307E+00
   190.200   0.675262E+00
   190.300   0.675217E+00
   190.400   0.675171E+00
   190.500   0.675126E+00
   190.600   0.675080E+00
   190.700   0.675034E+00
   190.800   0.674989E+00
   190.900   0.674943E+00
   191.000   0.674898E+00
   191.100   0.674852E+00
   191.200   0.674806E+00
   191.300   0.674761E+00
   191.400   0.674715E+00
   191.500   0.674669E+00
   191.600   0.674624E+00
   191.700   0.674578E+00
   191.800   0.674532E+00
   191.900   0.674486E+00
   192.000   0.674441E+00
   192.100   0.674395E+00
   192.200   0.674349E+00
   192.300   0.674303E+00
   192.400   0.674257E+00
   192.500   0.674211E+00
   192.600   0.674165E+00
   192.700   0.674120E+00
   192.800   0.674074E+00
   192.900   0.674028E+00
   193.000   0.673982E+00
   193.100   0.673936E+00
   193.200   0.673890E+00
   193.300   0.673844E+00
   193.400   0.673798E+00
   193.500   0.673751E+00
   193.600   0.673705E+00
   193.700   0.673659E+00
   193.800   0.673613E+00
   193.900   0.673567E+00
   194.000   0.673521E+00
   194.100   0.673475E+00
   194.200   0.673429E+00
   194.300   0.673382E+00
   194.400   0.673336E+00
   194.500   0.673290E+00
   194.600   0.673244E+00
   194.700   0.673197E+00
   194.800   0.673151E+00
   194.900   0.673105E+00
   195.000   0.673058E+00
   195.100   0.673012E+00
   195.200   0.672966E+00
   195.300   0.672919E+00
   195.400   0.672873E+00
   195.500   0.672827E+00
   195.600   0.672780E+00
   195.700   0.672734E+00
   195.800   0.672687E+00
   195.900   0.672641E+00
   196.000   0.672594E+00
   196.100   0.672548E+00
   196.200   0.672501E+00
   196.300   0.672455E+00
   196.400   0.672408E+00
   196.500   0.672362E+00
   196.600   0.672315E+00
   196.700   0.672269E+00
   196.800   0.672222E+00
   196.900   0.672176E+00
   197.000   0.672129E+00
   197.100   0.672082E+00
   197.200   0.672036E+00
   197.300   0.671989E+00
   197.400   0.671942E+00
   197.500   0.671896E+00
   197.600   0.671849E+00
   197.700   0.671802E+00
   197.800   0.671756E+00
   197.900   0.671709E+00
   198.000   0.671662E+00
   198.100   0.671615E+00
   198.200   0.671569E+00
   198.300   0.671522E+00
   198.400   0.671475E+00
   198.500   0.671428E+00
   198.600   0.671381E+00
   198.700   0.671335E+00
   198.800   0.671288E+00
   198.900   0.671241E+00
   199.000   0.671194E+00
   199.100   0.671147E+00
   199.200   0.671100E+00
   199.300   0.671053E+00
   199.400   0.671006E+00
   199.500   0.670959E+00
   199.600   0.670913E+00
   199.700   0.670866E+00
   199.800   0.670819E+00
   199.900   0.670772E+00
   200.000   0.670725E+00
   200.100   0.670678E+00
   200.200   0.670631E+00
   200.300   0.670584E+00
   200.400   0.670537E+00
   200.500   0.670490E+00
   200.600   0.670442E+00
   200.700   0.670395E+00
   200.800   0.670348E+00
   200.900   0.670301E+00
   201.000   0.670254E+00
   201.100   0.670207E+00
   201.200   0.670160E+00
   201.300   0.670113E+00
   201.400   0.670066E+00
   201.500   0.670019E+00
   201.600   0.669971E+00
   201.700   0.669924E+00
   201.800   0.669877E+00
   201.900   0.669830E+00
   202.000   0.669783E+00
   202.100   0.669736E+00
   202.200   0.669688E+00
   202.300   0.669641E+00
   202.400   0.669594E+00
   202.500   0.669547E+00
   202.600   0.669499E+00
   202.700   0.669452E+00
   202.800   0.669405E+00
   202.900   0.669358E+00
   203.000   0.669310E+00
   203.100   0.669263E+00
   203.200   0.669216E+00
   203.300   0.669168E+00
   203.400   0.669121E+00
   203.500   0.669074E+00
   203.600   0.669027E+00
   203.700   0.668979E+00
   203.800   0.668932E+00
   203.900   0.668884E+00
   204.000   0.668837E+00
   204.100   0.668790E+00
   204.200   0.668742E+00
   204.300   0.668695E+00
   204.400   0.668648E+00
   204.500   0.668600E+00
   204.600   0.668553E+00
   204.700   0.668505E+00
   204.800   0.668458E+00
   204.900   0.668411E+00
   205.000   0.668363E+00
   205.100   0.668316E+00
   205.200   0.668268E+00
   205.300   0.668221E+00
   205.400   0.668173E+00
   205.500   0.668126E+00
   205.600   0.668078E+00
   205.700   0.668031E+00
   205.800   0.667983E+00
   205.900   0.667936E+00
   206.000   0.667888E+00
   206.100   0.667841E+00
   206.200   0.667793E+00
   206.300   0.667746E+00
   206.400   0.667698E+00
   206.500   0.667651E+00
   206.600   0.667603E+00
   206.700   0.667556E+00
   206.800   0.667508E+00
   206.900   0.667461E+00
   207.000   0.667413E+00
   207.100   0.667366E+00
   207.200   0.667318E+00
   207.300   0.667270E+00
   207.400   0.667223E+00
   207.500   0.667175E+00
   207.600   0.667128E+00
   207.700   0.667080E+00
   207.800   0.667033E+00
   207.900   0.666985E+00
   208.000   0.666937E+00
   208.100   0.666890E+00
   208.200   0.666842E+00
   208.300   0.666795E+00
   208.400   0.666747E+00
   208.500   0.666699E+00
   208.600   0.666652E+00
   208.700   0.666604E+00
   208.800   0.666556E+00
   208.900   0.666509E+00
   209.000   0.666461E+00
   209.100   0.666413E+00
   209.200   0.666366E+00
   209.300   0.666318E+00
   209.400   0.666270E+00
   209.500   0.666223E+00
   209.600   0.666175E+00
   209.700   0.666127E+00
   209.800   0.666080E+00
   209.900   0.666032E+00
   210.000   0.665984E+00
   210.100   0.665937E+00
   210.200   0.665889E+00
   210.300   0.665841E+00
   210.400   0.665794E+00
   210.500   0.665746E+00
   210.600   0.665698E+00
   210.700   0.665651E+00
   210.800   0.665603E+00
   210.900   0.665555E+00
   211.000   0.665508E+00
   211.100   0.665460E+00
   211.200   0.665412E+00
   211.300   0.665364E+00
   211.400   0.665317E+00
   211.500   0.665269E+00
   211.600   0.665221E+00
   211.700   0.665173E+00
   211.800   0.665126E+00
   211.900   0.665078E+00
   212.000   0.665030E+00
   212.100   0.664983E+00
   212.200   0.664935E+00
   212.300   0.664887E+00
   212.400   0.664839E+00
   212.500   0.664792E+00
   212.600   0.664744E+00
   212.700   0.664696E+00
   212.800   0.664648E+00
   212.900   0.664601E+00
   213.000   0.664553E+00
   213.100   0.664505E+00
   213.200   0.664457E+00
   213.300   0.664410E+00
   213.400   0.664362E+00
   213.500   0.664314E+00
   213.600   0.664266E+00
   213.700   0.664219E+00
   213.800   0.664171E+00
   213.900   0.664123E+00
   214.000   0.664075E+00
   214.100   0.664028E+00
   214.200   0.663980E+00
   214.300   0.663932E+00
   214.400   0.663884E+00
   214.500   0.663837E+00
   214.600   0.663789E+00
   214.700   0.663741E+00
   214.800   0.663693E+00
   214.900   0.663646E+00
   215.000   0.663598E+00
   215.100   0.663550E+00
   215.200   0.663502E+00
   215.300   0.663455E+00
   215.400   0.663407E+00
   215.500   0.663359E+00
   215.600   0.663311E+00
   215.700   0.663264E+00
   215.800   0.663216E+00
   215.900   0.663168E+00
   216.000   0.663120E+00
   216.100   0.663073E+00
   216.200   0.663025E+00
   216.300   0.662977E+00
   216.400   0.662929E+00
   216.500   0.662882E+00
   216.600   0.662834E+00
   216.700   0.662786E+00
   216.800   0.662739E+00
   216.900   0.662691E+00
   217.000   0.662643E+00
   217.100   0.662595E+00
   217.200   0.662548E+00
   217.300   0.662500E+00
   217.400   0.662452E+00
   217.500   0.662404E+00
   217.600   0.662357E+00
   217.700   0.662309E+00
   217.800   0.662261E+00
   217.900   0.662213E+00
   218.000   0.662166E+00
   218.100   0.662118E+00
   218.200   0.662070E+00
   218.300   0.662023E+00
   218.400   0.661975E+00
   218.500   0.661927E+00
   218.600   0.661879E+00
   218.700   0.661832E+00
   218.800   0.661784E+00
   218.900   0.661736E+00
   219.000   0.661689E+00
   219.100   0.661641E+00
   219.200   0.661593E+00
   219.300   0.661546E+00
   219.400   0.661498E+00
   219.500   0.661450E+00
   219.600   0.661403E+00
   219.700   0.661355E+00
   219.800   0.661307E+00
   219.900   0.661260E+00
   220.000   0.661212E+00
   220.100   0.661164E+00
   220.200   0.661117E+00
   220.300   0.661069E+00
   220.400   0.661021E+00
   220.500   0.660974E+00
   220.600   0.660926E+00
   220.700   0.660878E+00
   220.800   0.660831E+00
   220.900   0.660783E+00
   221.000   0.660735E+00
   221.100   0.660688E+00
   221.200   0.660640E+00
   221.300   0.660593E+00
   221.400   0.660545E+00
   221.500   0.660497E+00
   221.600   0.660450E+00
   221.700   0.660402E+00
   221.800   0.660354E+00
   221.900   0.660307E+00
   222.000   0.660259E+00
   222.100   0.660212E+00
   222.200   0.660164E+00
   222.300   0.660117E+00
   222.400   0.660069E+00
   222.500   0.660021E+00
   222.600   0.659974E+00
   222.700   0.659926E+00
   222.800   0.659879E+00
   222.900   0.659831E+00
   223.000   0.659784E+00
   223.100   0.659736E+00
   223.200   0.659688E+00
   223.300   0.659641E+00
   223.400   0.659593E+00
   223.500   0.659546E+00
   223.600   0.659498E+00
   223.700   0.659451E+00
   223.800   0.659403E+00
   223.900   0.659356E+00
   224.000   0.659308E+00
   224.100   0.659261E+00
   224.200   0.659213E+00
   224.300   0.659166E+00
   224.400   0.659118E+00
   224.500   0.659071E+00
   224.600   0.659023E+00
   224.700   0.658976E+00
   224.800   0.658929E+00
   224.900   0.658881E+00
   225.000   0.658834E+00
   225.100   0.658786E+00
   225.200   0.658739E+00
   225.300   0.658691E+00
   225.400   0.658644E+00
   225.500   0.658597E+00
   225.600   0.658549E+00
   225.700   0.658502E+00
   225.800   0.658454E+00
   225.900   0.658407E+00
   226.000   0.658360E+00
   226.100   0.658312E+00
   226.200   0.658265E+00
   226.300   0.658217E+00
   226.400   0.658170E+00
   226.500   0.658123E+00
   226.600   0.658075E+00
   226.700   0.658028E+00
   226.800   0.657981E+00
   226.900   0.657933E+00
   227.000   0.657886E+00
   227.100   0.657839E+00
   227.200   0.657791E+00
   227.300   0.657744E+00
   227.400   0.657697E+00
   227.500   0.657650E+00
   227.600   0.657602E+00
   227.700   0.657555E+00
   227.800   0.657508E+00
   227.900   0.657460E+00
   228.000   0.657413E+00
   228.100   0.657366E+00
   228.200   0.657319E+00
   228.300   0.657272E+00
   228.400   0.657224E+00
   228.500   0.657177E+00
   228.600   0.657130E+00
   228.700   0.657083E+00
   228.800   0.657035E+00
   228.900   0.656988E+00
   229.000   0.656941E+00
   229.100   0.656894E+00
   229.200   0.656847E+00
   229.300   0.656800E+00
   229.400   0.656752E+00
   229.500   0.656705E+00
   229.600   0.656658E+00
   229.700   0.656611E+00
   229.800   0.656564E+00
   229.900   0.656517E+00
   230.000   0.656470E+00
   230.100   0.656423E+00
   230.200   0.656376E+00
   230.300   0.656328E+00
   230.400   0.656281E+00
   230.500   0.656234E+00
   230.600   0.656187E+00
   230.700   0.656140E+00
   230.800   0.656093E+00
   230.900   0.656046E+00
   231.000   0.655999E+00
   231.100   0.655952E+00
   231.200   0.655905E+00
   231.300   0.655858E+00
   231.400   0.655811E+00
   231.500   0.655764E+00
   231.600   0.655717E+00
   231.700   0.655670E+00
   231.800   0.655623E+00
   231.900   0.655576E+00
   232.000   0.655529E+00
   232.100   0.655483E+00
   232.200   0.655436E+00
   232.300   0.655389E+00
   232.400   0.655342E+00
   232.500   0.655295E+00
   232.600   0.655248E+00
   232.700   0.655201E+00
   232.800   0.655154E+00
   232.900   0.655108E+00
   233.000   0.655061E+00
   233.100   0.655014E+00
   233.200   0.654967E+00
   233.300   0.654920E+00
   233.400   0.654873E+00
   233.500   0.654827E+00
   233.600   0.654780E+00
   233.700   0.654733E+00
   233.800   0.654686E+00
   233.900   0.654640E+00
   234.000   0.654593E+00
   234.100   0.654546E+00
   234.200   0.654499E+00
   234.300   0.654453E+00
   234.400   0.654406E+00
   234.500   0.654359E+00
   234.600   0.654313E+00
   234.700   0.654266E+00
   234.800   0.654219E+00
   234.900   0.654173E+00
   235.000   0.654126E+00
   235.100   0.654079E+00
   235.200   0.654033E+00
   235.300   0.653986E+00
   235.400   0.653939E+00
   235.500   0.653893E+00
   235.600   0.653846E+00
   235.700   0.653800E+00
   235.800   0.653753E+00
   235.900   0.653706E+00
   236.000   0.653660E+00
   236.100   0.653613E+00
   236.200   0.653567E+00
   236.300   0.653520E+00
   236.400   0.653474E+00
   236.500   0.653427E+00
   236.600   0.653381E+00
   236.700   0.653334E+00
   236.800   0.653288E+00
   236.900   0.653242E+00
   237.000   0.653195E+00
   237.100   0.653149E+00
   237.200   0.653102E+00
   237.300   0.653056E+00
   237.400   0.653009E+00
   237.500   0.652963E+00
   237.600   0.652917E+00
   237.700   0.652870E+00
   237.800   0.652824E+00
   237.900   0.652778E+00
   238.000   0.652731E+00
   238.100   0.652685E+00
   238.200   0.652639E+00
   238.300   0.652592E+00
   238.400   0.652546E+00
   238.500   0.652500E+00
   238.600   0.652454E+00
   238.700   0.652407E+00
   238.800   0.652361E+00
   238.900   0.652315E+00
   239.000   0.652269E+00
   239.100   0.652222E+00
   239.200   0.652176E+00
   239.300   0.652130E+00
   239.400   0.652084E+00
   239.500   0.652038E+00
   239.600   0.651992E+00
   239.700   0.651945E+00
   239.800   0.651899E+00
   239.900   0.651853E+00
   240.000   0.651807E+00
   240.100   0.651761E+00
   240.200   0.651715E+00
   240.300   0.651669E+00
   240.400   0.651623E+00
   240.500   0.651577E+00
   240.600   0.651531E+00
   240.700   0.651485E+00
   240.800   0.651439E+00
   240.900   0.651393E+00
   241.000   0.651347E+00
   241.100   0.651301E+00
   241.200   0.651255E+00
   241.300   0.651209E+00
   241.400   0.651163E+00
   241.500   0.651117E+00
   241.600   0.651071E+00
   241.700   0.651025E+00
   241.800   0.650979E+00
   241.900   0.650933E+00
   242.000   0.650887E+00
   242.100   0.650842E+00
   242.200   0.650796E+00
   242.300   0.650750E+00
   242.400   0.650704E+00
   242.500   0.650658E+00
   242.600   0.650613E+00
   242.700   0.650567E+00
   242.800   0.650521E+00
   242.900   0.650475E+00
   243.000   0.650430E+00
   243.100   0.650384E+00
   243.200   0.650338E+00
   243.300   0.650292E+00
   243.400   0.650247E+00
   243.500   0.650201E+00
   243.600   0.650155E+00
   243.700   0.650110E+00
   243.800   0.650064E+00
   243.900   0.650019E+00
   244.000   0.649973E+00
   244.100   0.649927E+00
   244.200   0.649882E+00
   244.300   0.649836E+00
   244.400   0.649791E+00
   244.500   0.649745E+00
   244.600   0.649700E+00
   244.700   0.649654E+00
   244.800   0.649609E+00
   244.900   0.649563E+00
   245.000   0.649518E+00
   245.100   0.649472E+00
   245.200   0.649427E+00
   245.300   0.649381E+00
   245.400   0.649336E+00
   245.500   0.649290E+00
   245.600   0.649245E+00
   245.700   0.649200E+00
   245.800   0.649154E+00
   245.900   0.649109E+00
   246.000   0.649064E+00
   246.100   0.649018E+00
   246.200   0.648973E+00
   246.300   0.648928E+00
   246.400   0.648882E+00
   246.500   0.648837E+00
   246.600   0.648792E+00
   246.700   0.648747E+00
   246.800   0.648701E+00
   246.900   0.648656E+00
   247.000   0.648611E+00
   247.100   0.648566E+00
   247.200   0.648521E+00
   247.300   0.648475E+00
   247.400   0.648430E+00
   247.500   0.648385E+00
   247.600   0.648340E+00
   247.700   0.648295E+00
   247.800   0.648250E+00
   247.900   0.648205E+00
   248.000   0.648160E+00
   248.100   0.648115E+00
   248.200   0.648070E+00
   248.300   0.648025E+00
   248.400   0.647979E+00
   248.500   0.647935E+00
   248.600   0.647890E+00
   248.700   0.647845E+00
   248.800   0.647800E+00
   248.900   0.647755E+00
   249.000   0.647710E+00
   249.100   0.647665E+00
   249.200   0.647620E+00
   249.300   0.647575E+00
   249.400   0.647530E+00
   249.500   0.647485E+00
   249.600   0.647441E+00
   249.700   0.647396E+00
   249.800   0.647351E+00
   249.900   0.647306E+00
   250.000   0.647261E+00
   250.100   0.647217E+00
   250.200   0.647172E+00
   250.300   0.647127E+00
   250.400   0.647082E+00
   250.500   0.647038E+00
   250.600   0.646993E+00
   250.700   0.646948E+00
   250.800   0.646904E+00
   250.900   0.646859E+00
   251.000   0.646814E+00
   251.100   0.646770E+00
   251.200   0.646725E+00
   251.300   0.646681E+00
   251.400   0.646636E+00
   251.500   0.646591E+00
   251.600   0.646547E+00
   251.700   0.646502E+00
   251.800   0.646458E+00
   251.900   0.646413E+00
   252.000   0.646369E+00
   252.100   0.646324E+00
   252.200   0.646280E+00
   252.300   0.646235E+00
   252.400   0.646191E+00
   252.500   0.646147E+00
   252.600   0.646102E+00
   252.700   0.646058E+00
   252.800   0.646014E+00
   252.900   0.645969E+00
   253.000   0.645925E+00
   253.100   0.645881E+00
   253.200   0.645836E+00
   253.300   0.645792E+00
   253.400   0.645748E+00
   253.500   0.645703E+00
   253.600   0.645659E+00
   253.700   0.645615E+00
   253.800   0.645571E+00
   253.900   0.645527E+00
   254.000   0.645482E+00
   254.100   0.645438E+00
   254.200   0.645394E+00
   254.300   0.645350E+00
   254.400   0.645306E+00
   254.500   0.645262E+00
   254.600   0.645218E+00
   254.700   0.645174E+00
   254.800   0.645130E+00
   254.900   0.645085E+00
   255.000   0.645041E+00
   255.100   0.644997E+00
   255.200   0.644953E+00
   255.300   0.644909E+00
   255.400   0.644866E+00
   255.500   0.644822E+00
   255.600   0.644778E+00
   255.700   0.644734E+00
   255.800   0.644690E+00
   255.900   0.644646E+00
   256.000   0.644602E+00
   256.100   0.644558E+00
   256.200   0.644514E+00
   256.300   0.644471E+00
   256.400   0.644427E+00
   256.500   0.644383E+00
   256.600   0.644339E+00
   256.700   0.644296E+00
   256.800   0.644252E+00
   256.900   0.644208E+00
   257.000   0.644164E+00
   257.100   0.644121E+00
   257.200   0.644077E+00
   257.300   0.644033E+00
   257.400   0.643990E+00
   257.500   0.643946E+00
   257.600   0.643902E+00
   257.700   0.643859E+00
   257.800   0.643815E+00
   257.900   0.643772E+00
   258.000   0.643728E+00
   258.100   0.643685E+00
   258.200   0.643641E+00
   258.300   0.643598E+00
   258.400   0.643554E+00
   258.500   0.643511E+00
   258.600   0.643467E+00
   258.700   0.643424E+00
   258.800   0.643380E+00
   258.900   0.643337E+00
   259.000   0.643294E+00
   259.100   0.643250E+00
   259.200   0.643207E+00
   259.300   0.643164E+00
   259.400   0.643120E+00
   259.500   0.643077E+00
   259.600   0.643034E+00
   259.700   0.642990E+00
   259.800   0.642947E+00
   259.900   0.642904E+00
   260.000   0.642861E+00
   260.100   0.642818E+00
   260.200   0.642774E+00
   260.300   0.642731E+00
   260.400   0.642688E+00
   260.500   0.642645E+00
   260.600   0.642602E+00
   260.700   0.642559E+00
   260.800   0.642516E+00
   260.900   0.642473E+00
   261.000   0.642430E+00
   261.100   0.642387E+00
   261.200   0.642344E+00
   261.300   0.642301E+00
   261.400   0.642258E+00
   261.500   0.642215E+00
   261.600   0.642172E+00
   261.700   0.642129E+00
   261.800   0.642086E+00
   261.900   0.642043E+00
   262.000   0.642000E+00
   262.100   0.641957E+00
   262.200   0.641914E+00
   262.300   0.641872E+00
   262.400   0.641829E+00
   262.500   0.641786E+00
   262.600   0.641743E+00
   262.700   0.641700E+00
   262.800   0.641658E+00
   262.900   0.641615E+00
   263.000   0.641572E+00
   263.100   0.641530E+00
   263.200   0.641487E+00
   263.300   0.641444E+00
   263.400   0.641402E+00
   263.500   0.641359E+00
   263.600   0.641316E+00
   263.700   0.641274E+00
   263.800   0.641231E+00
   263.900   0.641189E+00
   264.000   0.641146E+00
   264.100   0.641104E+00
   264.200   0.641061E+00
   264.300   0.641019E+00
   264.400   0.640976E+00
   264.500   0.640934E+00
   264.600   0.640891E+00
   264.700   0.640849E+00
   264.800   0.640806E+00
   264.900   0.640764E+00
   265.000   0.640722E+00
   265.100   0.640679E+00
   265.200   0.640637E+00
   265.300   0.640595E+00
   265.400   0.640552E+00
   265.500   0.640510E+00
   265.600   0.640468E+00
   265.700   0.640426E+00
   265.800   0.640383E+00
   265.900   0.640341E+00
   266.000   0.640299E+00
   266.100   0.640257E+00
   266.200   0.640215E+00
   266.300   0.640173E+00
   266.400   0.640130E+00
   266.500   0.640088E+00
   266.600   0.640046E+00
   266.700   0.640004E+00
   266.800   0.639962E+00
   266.900   0.639920E+00
   267.000   0.639878E+00
   267.100   0.639836E+00
   267.200   0.639794E+00
   267.300   0.639752E+00
   267.400   0.639710E+00
   267.500   0.639668E+00
   267.600   0.639626E+00
   267.700   0.639584E+00
   267.800   0.639543E+00
   267.900   0.639501E+00
   268.000   0.639459E+00
   268.100   0.639417E+00
   268.200   0.639375E+00
   268.300   0.639334E+00
   268.400   0.639292E+00
   268.500   0.639250E+00
   268.600   0.639208E+00
   268.700   0.639167E+00
   268.800   0.639125E+00
   268.900   0.639083E+00
   269.000   0.639042E+00
   269.100   0.639000E+00
   269.200   0.638958E+00
   269.300   0.638917E+00
   269.400   0.638875E+00
   269.500   0.638834E+00
   269.600   0.638792E+00
   269.700   0.638750E+00
   269.800   0.638709E+00
   269.900   0.638667E+00
   270.000   0.638626E+00
   270.100   0.638585E+00
   270.200   0.638543E+00
   270.300   0.638502E+00
   270.400   0.638460E+00
   270.500   0.638419E+00
   270.600   0.638377E+00
   270.700   0.638336E+00
   270.800   0.638295E+00
   270.900   0.638254E+00
   271.000   0.638212E+00
   271.100   0.638171E+00
   271.200   0.638130E+00
   271.300   0.638088E+00
   271.400   0.638047E+00
   271.500   0.638006E+00
   271.600   0.637965E+00
   271.700   0.637924E+00
   271.800   0.637882E+00
   271.900   0.637841E+00
   272.000   0.637800E+00
   272.100   0.637759E+00
   272.200   0.637718E+00
   272.300   0.637677E+00
   272.400   0.637636E+00
   272.500   0.637595E+00
   272.600   0.637554E+00
   272.700   0.637513E+00
   272.800   0.637472E+00
   272.900   0.637431E+00
   273.000   0.637390E+00
   273.100   0.637349E+00
   273.200   0.637308E+00
   273.300   0.637267E+00
   273.400   0.637227E+00
   273.500   0.637186E+00
   273.600   0.637145E+00
   273.700   0.637104E+00
   273.800   0.637063E+00
   273.900   0.637023E+00
   274.000   0.636982E+00
   274.100   0.636941E+00
   274.200   0.636900E+00
   274.300   0.636860E+00
   274.400   0.636819E+00
   274.500   0.636778E+00
   274.600   0.636738E+00
   274.700   0.636697E+00
   274.800   0.636656E+00
   274.900   0.636616E+00
   275.000   0.636575E+00
   275.100   0.636535E+00
   275.200   0.636494E+00
   275.300   0.636454E+00
   275.400   0.636413E+00
   275.500   0.636373E+00
   275.600   0.636332E+00
   275.700   0.636292E+00
   275.800   0.636252E+00
   275.900   0.636211E+00
   276.000   0.636171E+00
   276.100   0.636130E+00
   276.200   0.636090E+00
   276.300   0.636050E+00
   276.400   0.636009E+00
   276.500   0.635969E+00
   276.600   0.635929E+00
   276.700   0.635889E+00
   276.800   0.635848E+00
   276.900   0.635808E+00
   277.000   0.635768E+00
   277.100   0.635728E+00
   277.200   0.635688E+00
   277.300   0.635648E+00
   277.400   0.635607E+00
   277.500   0.635567E+00
   277.600   0.635527E+00
   277.700   0.635487E+00
   277.800   0.635447E+00
   277.900   0.635407E+00
   278.000   0.635367E+00
   278.100   0.635327E+00
   278.200   0.635287E+00
   278.300   0.635247E+00
   278.400   0.635207E+00
   278.500   0.635167E+00
   278.600   0.635128E+00
   278.700   0.635088E+00
   278.800   0.635048E+00
   278.900   0.635008E+00
   279.000   0.634968E+00
   279.100   0.634928E+00
   279.200   0.634889E+00
   279.300   0.634849E+00
   279.400   0.634809E+00
   279.500   0.634769E+00
   279.600   0.634730E+00
   279.700   0.634690E+00
   279.800   0.634650E+00
   279.900   0.634611E+00
   280.000   0.634571E+00
   280.100   0.634531E+00
   280.200   0.634492E+00
   280.300   0.634452E+00
   280.400   0.634413E+00
   280.500   0.634373E+00
   280.600   0.634334E+00
   280.700   0.634294E+00
   280.800   0.634255E+00
   280.900   0.634215E+00
   281.000   0.634176E+00
   281.100   0.634136E+00
   281.200   0.634097E+00
   281.300   0.634058E+00
   281.400   0.634018E+00
   281.500   0.633979E+00
   281.600   0.633940E+00
   281.700   0.633900E+00
   281.800   0.633861E+00
   281.900   0.633822E+00
   282.000   0.633783E+00
   282.100   0.633743E+00
   282.200   0.633704E+00
   282.300   0.633665E+00
   282.400   0.633626E+00
   282.500   0.633587E+00
   282.600   0.633547E+00
   282.700   0.633508E+00
   282.800   0.633469E+00
   282.900   0.633430E+00
   283.000   0.633391E+00
   283.100   0.633352E+00
   283.200   0.633313E+00
   283.300   0.633274E+00
   283.400   0.633235E+00
   283.500   0.633196E+00
   283.600   0.633157E+00
   283.700   0.633118E+00
   283.800   0.633079E+00
   283.900   0.633040E+00
   284.000   0.633002E+00
   284.100   0.632963E+00
   284.200   0.632924E+00
   284.300   0.632885E+00
   284.400   0.632846E+00
   284.500   0.632808E+00
   284.600   0.632769E+00
   284.700   0.632730E+00
   284.800   0.632691E+00
   284.900   0.632653E+00
   285.000   0.632614E+00
   285.100   0.632575E+00
   285.200   0.632537E+00
   285.300   0.632498E+00
   285.400   0.632460E+00
   285.500   0.632421E+00
   285.600   0.632382E+00
   285.700   0.632344E+00
   285.800   0.632305E+00
   285.900   0.632267E+00
   286.000   0.632228E+00
   286.100   0.632190E+00
   286.200   0.632151E+00
   286.300   0.632113E+00
   286.400   0.632075E+00
   286.500   0.632036E+00
   286.600   0.631998E+00
   286.700   0.631960E+00
   286.800   0.631921E+00
   286.900   0.631883E+00
   287.000   0.631845E+00
   287.100   0.631806E+00
   287.200   0.631768E+00
   287.300   0.631730E+00
   287.400   0.631692E+00
   287.500   0.631654E+00
   287.600   0.631615E+00
   287.700   0.631577E+00
   287.800   0.631539E+00
   287.900   0.631501E+00
   288.000   0.631463E+00
   288.100   0.631425E+00
   288.200   0.631387E+00
   288.300   0.631349E+00
   288.400   0.631311E+00
   288.500   0.631273E+00
   288.600   0.631235E+00
   288.700   0.631197E+00
   288.800   0.631159E+00
   288.900   0.631121E+00
   289.000   0.631083E+00
   289.100   0.631045E+00
   289.200   0.631007E+00
   289.300   0.630969E+00
   289.400   0.630932E+00
   289.500   0.630894E+00
   289.600   0.630856E+00
   289.700   0.630818E+00
   289.800   0.630780E+00
   289.900   0.630743E+00
   290.000   0.630705E+00
   290.100   0.630667E+00
   290.200   0.630630E+00
   290.300   0.630592E+00
   290.400   0.630554E+00
   290.500   0.630517E+00
   290.600   0.630479E+00
   290.700   0.630442E+00
   290.800   0.630404E+00
   290.900   0.630367E+00
   291.000   0.630329E+00
   291.100   0.630292E+00
   291.200   0.630254E+00
   291.300   0.630217E+00
   291.400   0.630179E+00
   291.500   0.630142E+00
   291.600   0.630104E+00
   291.700   0.630067E+00
   291.800   0.630030E+00
   291.900   0.629992E+00
   292.000   0.629955E+00
   292.100   0.629918E+00
   292.200   0.629880E+00
   292.300   0.629843E+00
   292.400   0.629806E+00
   292.500   0.629769E+00
   292.600   0.629732E+00
   292.700   0.629694E+00
   292.800   0.629657E+00
   292.900   0.629620E+00
   293.000   0.629583E+00
   293.100   0.629546E+00
   293.200   0.629509E+00
   293.300   0.629472E+00
   293.400   0.629435E+00
   293.500   0.629398E+00
   293.600   0.629361E+00
   293.700   0.629324E+00
   293.800   0.629287E+00
   293.900   0.629250E+00
   294.000   0.629213E+00
   294.100   0.629176E+00
   294.200   0.629139E+00
   294.300   0.629102E+00
   294.400   0.629065E+00
   294.500   0.629028E+00
   294.600   0.628992E+00
   294.700   0.628955E+00
   294.800   0.628918E+00
   294.900   0.628881E+00
   295.000   0.628845E+00
   295.100   0.628808E+00
   295.200   0.628771E+00
   295.300   0.628735E+00
   295.400   0.628698E+00
   295.500   0.628661E+00
   295.600   0.628625E+00
   295.700   0.628588E+00
   295.800   0.628551E+00
   295.900   0.628515E+00
   296.000   0.628478E+00
   296.100   0.628442E+00
   296.200   0.628405E+00
   296.300   0.628369E+00
   296.400   0.628332E+00
   296.500   0.628296E+00
   296.600   0.628260E+00
   296.700   0.628223E+00
   296.800   0.628187E+00
   296.900   0.628150E+00
   297.000   0.628114E+00
   297.100   0.628078E+00
   297.200   0.628041E+00
   297.300   0.628005E+00
   297.400   0.627969E+00
   297.500   0.627933E+00
   297.600   0.627896E+00
   297.700   0.627860E+00
   297.800   0.627824E+00
   297.900   0.627788E+00
   298.000   0.627752E+00
   298.100   0.627716E+00
   298.200   0.627680E+00
   298.300   0.627643E+00
   298.400   0.627607E+00
   298.500   0.627571E+00
   298.600   0.627535E+00
   298.700   0.627499E+00
   298.800   0.627463E+00
   298.900   0.627427E+00
   299.000   0.627391E+00
   299.100   0.627355E+00
   299.200   0.627320E+00
   299.300   0.627284E+00
   299.400   0.627248E+00
   299.500   0.627212E+00
   299.600   0.627176E+00
   299.700   0.627140E+00
   299.800   0.627104E+00
   299.900   0.627069E+00
   300.000   0.627033E+00
