     0.000  0.500000       -0.00000        0.00000     
     0.500  0.495040       0.312665E-001  0.380262E-002
     1.000  0.481947       0.903600E-001  0.152892E-001
     1.500  0.464561       0.153168       0.303847E-001
     2.000  0.447532       0.205720       0.443819E-001
     2.500  0.434916       0.240732       0.533826E-001
     3.000  0.429069       0.256040       0.553410E-001
     3.500  0.430152       0.253245       0.504490E-001
     4.000  0.436335       0.236935       0.408307E-001
     4.500  0.444548       0.214265       0.297126E-001
     5.000  0.451503       0.194067       0.203749E-001
     5.500  0.454653       0.184580       0.152087E-001
     6.000  0.452835       0.190081       0.151415E-001
     6.500  0.446431       0.208892       0.195473E-001
     7.000  0.437077       0.234937       0.266106E-001
     7.500  0.427045       0.261216       0.339829E-001
     8.000  0.418531       0.282342       0.395107E-001
     8.500  0.413040       0.295447       0.418186E-001
     9.000  0.411048       0.300105       0.406024E-001
     9.500  0.411996       0.297896       0.365833E-001
    10.000  0.414568       0.291839       0.311805E-001
    10.500  0.417161       0.285650       0.260276E-001
    11.000  0.418360       0.282756       0.224886E-001
    11.500  0.417319       0.285268       0.213092E-001
    12.000  0.413923       0.293366       0.224844E-001
    12.500  0.408731       0.305463       0.253517E-001
    13.000  0.402739       0.319022       0.288570E-001
    13.500  0.397046       0.331525       0.318970E-001
    14.000  0.392537       0.341178       0.336332E-001
    14.500  0.389660       0.347225       0.336932E-001
    15.000  0.388357       0.349937       0.322171E-001
    15.500  0.388140       0.350387       0.297564E-001
    16.000  0.388281       0.350094       0.270692E-001
    16.500  0.388045       0.350584       0.248843E-001
    17.000  0.386892       0.352964       0.237015E-001
    17.500  0.384608       0.357642       0.236806E-001
    18.000  0.381321       0.364285       0.246386E-001
    18.500  0.377426       0.372023       0.261421E-001
    19.000  0.373441       0.379793       0.276592E-001
    19.500  0.369848       0.386675       0.287188E-001
    20.000  0.366965       0.392115       0.290350E-001
    20.500  0.364875       0.396014       0.285636E-001
    21.000  0.363432       0.398683       0.274850E-001
    21.500  0.362332       0.400707       0.261268E-001
    22.000  0.361214       0.402754       0.248546E-001
    22.500  0.359767       0.405386       0.239658E-001
    23.000  0.357814       0.408911       0.236148E-001
    23.500  0.355342       0.413329       0.237880E-001
    24.000  0.352486       0.418372       0.243274E-001
    24.500  0.349474       0.423620       0.249928E-001
    25.000  0.346551       0.428645       0.255381E-001
    25.500  0.343912       0.433125       0.257808E-001
    26.000  0.341650       0.436924       0.256449E-001
    26.500  0.339743       0.440095       0.251691E-001
    27.000  0.338078       0.442843       0.244823E-001
    27.500  0.336489       0.445446       0.237563E-001
    28.000  0.334811       0.448175       0.231533E-001
    28.500  0.332927       0.451214       0.227817E-001
    29.000  0.330794       0.454625       0.226723E-001
    29.500  0.328444       0.458345       0.227796E-001
    30.000  0.325970       0.462220       0.230033E-001
    30.500  0.323489       0.466062       0.232231E-001
    31.000  0.321108       0.469710       0.233347E-001
    31.500  0.318896       0.473063       0.232766E-001
    32.000  0.316869       0.476109       0.230422E-001
    32.500  0.314990       0.478906       0.226749E-001
    33.000  0.313190       0.481564       0.222500E-001
    33.500  0.311387       0.484206       0.218498E-001
    34.000  0.309511       0.486931       0.215399E-001
    34.500  0.307527       0.489790       0.213529E-001
    35.000  0.305431       0.492781       0.212835E-001
    35.500  0.303257       0.495854       0.212944E-001
    36.000  0.301057       0.498934       0.213307E-001
    36.500  0.298886       0.501943       0.213372E-001
    37.000  0.296787       0.504824       0.212739E-001
    37.500  0.294780       0.507555       0.211252E-001
    38.000  0.292857       0.510146       0.209014E-001
    38.500  0.290993       0.512638       0.206325E-001
    39.000  0.289149       0.515082       0.203576E-001
    39.500  0.287289       0.517527       0.201129E-001
    40.000  0.285386       0.520006       0.199219E-001
    40.500  0.283433       0.522529       0.197905E-001
    41.000  0.281437       0.525084       0.197074E-001
    41.500  0.279420       0.527641       0.196495E-001
    42.000  0.277408       0.530169       0.195894E-001
    42.500  0.275426       0.532636       0.195041E-001
    43.000  0.273489       0.535026       0.193804E-001
    43.500  0.271598       0.537338       0.192175E-001
    44.000  0.269746       0.539583       0.190258E-001
    44.500  0.267916       0.541783       0.188227E-001
    45.000  0.266089       0.543959       0.186266E-001
    45.500  0.264250       0.546131       0.184521E-001
    46.000  0.262392       0.548307       0.183060E-001
    46.500  0.260515       0.550486       0.181865E-001
    47.000  0.258625       0.552659       0.180849E-001
    47.500  0.256736       0.554813       0.179886E-001
    48.000  0.254859       0.556933       0.178853E-001
    48.500  0.253005       0.559010       0.177662E-001
    49.000  0.251176       0.561039       0.176282E-001
    49.500  0.249372       0.563025       0.174739E-001
    50.000  0.247585       0.564973       0.173102E-001
    50.500  0.245807       0.566894       0.171462E-001
    51.000  0.244031       0.568798       0.169898E-001
    51.500  0.242250       0.570690       0.168462E-001
    52.000  0.240462       0.572573       0.167163E-001
    52.500  0.238671       0.574443       0.165976E-001
    53.000  0.236879       0.576296       0.164845E-001
    53.500  0.235095       0.578125       0.163709E-001
    54.000  0.233323       0.579926       0.162517E-001
    54.500  0.231565       0.581696       0.161242E-001
    55.000  0.229823       0.583434       0.159882E-001
    55.500  0.228095       0.585144       0.158463E-001
    56.000  0.226377       0.586830       0.157025E-001
    56.500  0.224663       0.588495       0.155608E-001
    57.000  0.222952       0.590143       0.154246E-001
    57.500  0.221242       0.591777       0.152951E-001
    58.000  0.219532       0.593395       0.151720E-001
    58.500  0.217824       0.594997       0.150532E-001
    59.000  0.216121       0.596579       0.149357E-001
    59.500  0.214426       0.598141       0.148168E-001
    60.000  0.212742       0.599679       0.146947E-001
    60.500  0.211067       0.601193       0.145686E-001
    61.000  0.209403       0.602685       0.144393E-001
    61.500  0.207748       0.604156       0.143083E-001
    62.000  0.206099       0.605608       0.141777E-001
    62.500  0.204455       0.607042       0.140493E-001
    63.000  0.202815       0.608461       0.139242E-001
    63.500  0.201178       0.609863       0.138025E-001
    64.000  0.199544       0.611250       0.136837E-001
    64.500  0.197916       0.612620       0.135663E-001
    65.000  0.196294       0.613972       0.134492E-001
    65.500  0.194679       0.615306       0.133310E-001
    66.000  0.193072       0.616621       0.132113E-001
    66.500  0.191473       0.617917       0.130901E-001
    67.000  0.189882       0.619195       0.129679E-001
    67.500  0.188298       0.620456       0.128456E-001
    68.000  0.186719       0.621701       0.127243E-001
    68.500  0.185145       0.622930       0.126045E-001
    69.000  0.183576       0.624145       0.124866E-001
    69.500  0.182011       0.625344       0.123705E-001
    70.000  0.180452       0.626529       0.122556E-001
    70.500  0.178898       0.627698       0.121414E-001
    71.000  0.177350       0.628851       0.120271E-001
    71.500  0.175809       0.629988       0.119124E-001
    72.000  0.174274       0.631110       0.117971E-001
    72.500  0.172747       0.632216       0.116814E-001
    73.000  0.171225       0.633307       0.115658E-001
    73.500  0.169710       0.634384       0.114505E-001
    74.000  0.168200       0.635446       0.113361E-001
    74.500  0.166695       0.636495       0.112228E-001
    75.000  0.165195       0.637529       0.111106E-001
    75.500  0.163700       0.638551       0.109993E-001
    76.000  0.162211       0.639558       0.108887E-001
    76.500  0.160727       0.640552       0.107784E-001
    77.000  0.159249       0.641532       0.106681E-001
    77.500  0.157777       0.642499       0.105579E-001
    78.000  0.156311       0.643452       0.104476E-001
    78.500  0.154851       0.644392       0.103374E-001
    79.000  0.153397       0.645318       0.102276E-001
    79.500  0.151948       0.646232       0.101182E-001
    80.000  0.150504       0.647134       0.100096E-001
    80.500  0.149066       0.648023       0.990163E-002
    81.000  0.147632       0.648900       0.979440E-002
    81.500  0.146204       0.649765       0.968775E-002
    82.000  0.144782       0.650617       0.958154E-002
    82.500  0.143364       0.651458       0.947562E-002
    83.000  0.141953       0.652286       0.936990E-002
    83.500  0.140546       0.653103       0.926436E-002
    84.000  0.139146       0.653908       0.915903E-002
    84.500  0.137750       0.654702       0.905401E-002
    85.000  0.136360       0.655484       0.894939E-002
    85.500  0.134976       0.656254       0.884526E-002
    86.000  0.133596       0.657014       0.874168E-002
    86.500  0.132221       0.657763       0.863863E-002
    87.000  0.130852       0.658501       0.853609E-002
    87.500  0.129487       0.659228       0.843399E-002
    88.000  0.128128       0.659944       0.833224E-002
    88.500  0.126774       0.660650       0.823081E-002
    89.000  0.125425       0.661346       0.812965E-002
    89.500  0.124082       0.662031       0.802878E-002
    90.000  0.122743       0.662705       0.792822E-002
    90.500  0.121410       0.663370       0.782802E-002
    91.000  0.120081       0.664024       0.772823E-002
    91.500  0.118758       0.664669       0.762887E-002
    92.000  0.117440       0.665304       0.752997E-002
    92.500  0.116126       0.665929       0.743150E-002
    93.000  0.114818       0.666544       0.733345E-002
    93.500  0.113514       0.667150       0.723577E-002
    94.000  0.112215       0.667747       0.713843E-002
    94.500  0.110922       0.668334       0.704142E-002
    95.000  0.109633       0.668912       0.694472E-002
    95.500  0.108349       0.669481       0.684835E-002
    96.000  0.107070       0.670041       0.675233E-002
    96.500  0.105796       0.670592       0.665666E-002
    97.000  0.104526       0.671134       0.656139E-002
    97.500  0.103262       0.671667       0.646651E-002
    98.000  0.102002       0.672192       0.637202E-002
    98.500  0.100747       0.672708       0.627791E-002
    99.000  0.994966E-001  0.673215       0.618417E-002
    99.500  0.982510E-001  0.673714       0.609078E-002
   100.000  0.970101E-001  0.674205       0.599772E-002
   100.500  0.957740E-001  0.674688       0.590499E-002
   101.000  0.945425E-001  0.675163       0.581259E-002
   101.500  0.933157E-001  0.675629       0.572052E-002
   102.000  0.920936E-001  0.676087       0.562880E-002
   102.500  0.908761E-001  0.676538       0.553743E-002
   103.000  0.896631E-001  0.676981       0.544643E-002
   103.500  0.884548E-001  0.677416       0.535578E-002
   104.000  0.872510E-001  0.677843       0.526549E-002
   104.500  0.860517E-001  0.678263       0.517555E-002
   105.000  0.848570E-001  0.678676       0.508595E-002
   105.500  0.836668E-001  0.679081       0.499669E-002
   106.000  0.824812E-001  0.679479       0.490775E-002
   106.500  0.813000E-001  0.679869       0.481913E-002
   107.000  0.801233E-001  0.680252       0.473085E-002
   107.500  0.789510E-001  0.680628       0.464289E-002
   108.000  0.777832E-001  0.680997       0.455527E-002
   108.500  0.766198E-001  0.681360       0.446798E-002
   109.000  0.754608E-001  0.681715       0.438103E-002
   109.500  0.743062E-001  0.682063       0.429442E-002
   110.000  0.731560E-001  0.682405       0.420814E-002
   110.500  0.720101E-001  0.682740       0.412219E-002
   111.000  0.708685E-001  0.683069       0.403656E-002
   111.500  0.697312E-001  0.683391       0.395125E-002
   112.000  0.685983E-001  0.683706       0.386626E-002
   112.500  0.674696E-001  0.684015       0.378159E-002
   113.000  0.663453E-001  0.684318       0.369723E-002
   113.500  0.652251E-001  0.684614       0.361320E-002
   114.000  0.641093E-001  0.684905       0.352948E-002
   114.500  0.629976E-001  0.685189       0.344608E-002
   115.000  0.618901E-001  0.685467       0.336300E-002
   115.500  0.607869E-001  0.685739       0.328024E-002
   116.000  0.596878E-001  0.686005       0.319779E-002
   116.500  0.585928E-001  0.686265       0.311566E-002
   117.000  0.575020E-001  0.686520       0.303383E-002
   117.500  0.564153E-001  0.686768       0.295232E-002
   118.000  0.553328E-001  0.687011       0.287110E-002
   118.500  0.542543E-001  0.687249       0.279020E-002
   119.000  0.531800E-001  0.687480       0.270960E-002
   119.500  0.521096E-001  0.687706       0.262930E-002
   120.000  0.510434E-001  0.687927       0.254931E-002
   120.500  0.499811E-001  0.688143       0.246962E-002
   121.000  0.489229E-001  0.688353       0.239024E-002
   121.500  0.478687E-001  0.688557       0.231116E-002
   122.000  0.468185E-001  0.688757       0.223237E-002
   122.500  0.457723E-001  0.688951       0.215389E-002
   123.000  0.447300E-001  0.689140       0.207570E-002
   123.500  0.436916E-001  0.689324       0.199781E-002
   124.000  0.426572E-001  0.689503       0.192020E-002
   124.500  0.416267E-001  0.689678       0.184290E-002
   125.000  0.406001E-001  0.689847       0.176588E-002
   125.500  0.395774E-001  0.690011       0.168916E-002
   126.000  0.385585E-001  0.690171       0.161273E-002
   126.500  0.375436E-001  0.690325       0.153658E-002
   127.000  0.365324E-001  0.690476       0.146073E-002
   127.500  0.355251E-001  0.690621       0.138516E-002
   128.000  0.345216E-001  0.690762       0.130988E-002
   128.500  0.335218E-001  0.690898       0.123489E-002
   129.000  0.325259E-001  0.691030       0.116017E-002
   129.500  0.315337E-001  0.691157       0.108574E-002
   130.000  0.305453E-001  0.691280       0.101160E-002
   130.500  0.295606E-001  0.691398       0.937726E-003
   131.000  0.285797E-001  0.691513       0.864137E-003
   131.500  0.276025E-001  0.691623       0.790826E-003
   132.000  0.266289E-001  0.691728       0.717793E-003
   132.500  0.256591E-001  0.691830       0.645037E-003
   133.000  0.246929E-001  0.691927       0.572556E-003
   133.500  0.237303E-001  0.692020       0.500350E-003
   134.000  0.227715E-001  0.692110       0.428417E-003
   134.500  0.218162E-001  0.692195       0.356756E-003
   135.000  0.208646E-001  0.692276       0.285365E-003
   135.500  0.199165E-001  0.692354       0.214245E-003
   136.000  0.189720E-001  0.692427       0.143393E-003
   136.500  0.180312E-001  0.692497       0.728097E-004
   137.000  0.170938E-001  0.692563       0.249330E-005
   137.500  0.161601E-001  0.692625      -0.675568E-004
   138.000  0.152298E-001  0.692683      -0.137342E-003
   138.500  0.143031E-001  0.692738      -0.206862E-003
   139.000  0.133799E-001  0.692789      -0.276120E-003
   139.500  0.124601E-001  0.692837      -0.345116E-003
   140.000  0.115439E-001  0.692881      -0.413850E-003
   140.500  0.106311E-001  0.692921      -0.482325E-003
   141.000  0.972179E-002  0.692958      -0.550540E-003
   141.500  0.881591E-002  0.692992      -0.618498E-003
   142.000  0.791345E-002  0.693022      -0.686199E-003
   142.500  0.701441E-002  0.693049      -0.753643E-003
   143.000  0.611877E-002  0.693072      -0.820832E-003
   143.500  0.522651E-002  0.693093      -0.887767E-003
   144.000  0.433764E-002  0.693110      -0.954449E-003
   144.500  0.345212E-002  0.693123      -0.102088E-002
   145.000  0.256996E-002  0.693134      -0.108706E-002
   145.500  0.169113E-002  0.693141      -0.115298E-002
   146.000  0.815634E-003  0.693146      -0.121866E-002
   146.500 -0.565534E-004  0.693147      -0.128409E-002
   147.000 -0.925441E-003  0.693145      -0.134927E-002
   147.500 -0.179104E-002  0.693141      -0.141421E-002
   148.000 -0.265337E-002  0.693133      -0.147890E-002
   148.500 -0.351243E-002  0.693123      -0.154334E-002
   149.000 -0.436824E-002  0.693109      -0.160754E-002
   149.500 -0.522081E-002  0.693093      -0.167150E-002
   150.000 -0.607016E-002  0.693073      -0.173522E-002
   150.500 -0.691629E-002  0.693052      -0.179869E-002
   151.000 -0.775923E-002  0.693027      -0.186193E-002
   151.500 -0.859897E-002  0.692999      -0.192492E-002
   152.000 -0.943554E-002  0.692969      -0.198768E-002
   152.500 -0.102689E-001  0.692936      -0.205020E-002
   153.000 -0.110992E-001  0.692901      -0.211248E-002
   153.500 -0.119263E-001  0.692863      -0.217453E-002
   154.000 -0.127503E-001  0.692822      -0.223634E-002
   154.500 -0.135711E-001  0.692779      -0.229792E-002
   155.000 -0.143889E-001  0.692733      -0.235927E-002
   155.500 -0.152035E-001  0.692685      -0.242038E-002
   156.000 -0.160151E-001  0.692634      -0.248127E-002
   156.500 -0.168236E-001  0.692581      -0.254192E-002
   157.000 -0.176291E-001  0.692525      -0.260234E-002
   157.500 -0.184315E-001  0.692468      -0.266254E-002
   158.000 -0.192308E-001  0.692407      -0.272250E-002
   158.500 -0.200272E-001  0.692345      -0.278224E-002
   159.000 -0.208205E-001  0.692280      -0.284176E-002
   159.500 -0.216108E-001  0.692213      -0.290104E-002
   160.000 -0.223982E-001  0.692143      -0.296011E-002
   160.500 -0.231825E-001  0.692072      -0.301895E-002
   161.000 -0.239639E-001  0.691998      -0.307757E-002
   161.500 -0.247423E-001  0.691922      -0.313596E-002
   162.000 -0.255178E-001  0.691844      -0.319414E-002
   162.500 -0.262904E-001  0.691764      -0.325209E-002
   163.000 -0.270600E-001  0.691682      -0.330983E-002
   163.500 -0.278267E-001  0.691598      -0.336735E-002
   164.000 -0.285905E-001  0.691511      -0.342465E-002
   164.500 -0.293514E-001  0.691423      -0.348173E-002
   165.000 -0.301095E-001  0.691333      -0.353860E-002
   165.500 -0.308647E-001  0.691241      -0.359525E-002
   166.000 -0.316170E-001  0.691147      -0.365168E-002
   166.500 -0.323665E-001  0.691051      -0.370791E-002
   167.000 -0.331131E-001  0.690953      -0.376392E-002
   167.500 -0.338569E-001  0.690853      -0.381972E-002
   168.000 -0.345979E-001  0.690751      -0.387531E-002
   168.500 -0.353361E-001  0.690648      -0.393068E-002
   169.000 -0.360715E-001  0.690543      -0.398585E-002
   169.500 -0.368041E-001  0.690436      -0.404081E-002
   170.000 -0.375340E-001  0.690327      -0.409556E-002
   170.500 -0.382611E-001  0.690216      -0.415011E-002
   171.000 -0.389854E-001  0.690104      -0.420445E-002
   171.500 -0.397070E-001  0.689991      -0.425858E-002
   172.000 -0.404259E-001  0.689875      -0.431251E-002
   172.500 -0.411420E-001  0.689758      -0.436623E-002
   173.000 -0.418554E-001  0.689639      -0.441975E-002
   173.500 -0.425662E-001  0.689519      -0.447307E-002
   174.000 -0.432742E-001  0.689397      -0.452618E-002
   174.500 -0.439796E-001  0.689274      -0.457910E-002
   175.000 -0.446823E-001  0.689149      -0.463181E-002
   175.500 -0.453823E-001  0.689022      -0.468433E-002
   176.000 -0.460797E-001  0.688894      -0.473665E-002
   176.500 -0.467745E-001  0.688765      -0.478877E-002
   177.000 -0.474666E-001  0.688634      -0.484069E-002
   177.500 -0.481561E-001  0.688502      -0.489241E-002
   178.000 -0.488430E-001  0.688368      -0.494394E-002
   178.500 -0.495273E-001  0.688233      -0.499528E-002
   179.000 -0.502090E-001  0.688097      -0.504642E-002
   179.500 -0.508881E-001  0.687959      -0.509736E-002
   180.000 -0.515647E-001  0.687820      -0.514812E-002
   180.500 -0.522387E-001  0.687679      -0.519868E-002
   181.000 -0.529101E-001  0.687538      -0.524905E-002
   181.500 -0.535790E-001  0.687395      -0.529923E-002
   182.000 -0.542454E-001  0.687250      -0.534922E-002
   182.500 -0.549093E-001  0.687105      -0.539902E-002
   183.000 -0.555706E-001  0.686958      -0.544863E-002
   183.500 -0.562295E-001  0.686810      -0.549806E-002
   184.000 -0.568858E-001  0.686661      -0.554730E-002
   184.500 -0.575397E-001  0.686511      -0.559635E-002
   185.000 -0.581911E-001  0.686359      -0.564521E-002
   185.500 -0.588400E-001  0.686207      -0.569389E-002
   186.000 -0.594865E-001  0.686053      -0.574239E-002
   186.500 -0.601305E-001  0.685898      -0.579070E-002
   187.000 -0.607721E-001  0.685742      -0.583883E-002
   187.500 -0.614112E-001  0.685585      -0.588678E-002
   188.000 -0.620480E-001  0.685427      -0.593455E-002
   188.500 -0.626823E-001  0.685268      -0.598214E-002
   189.000 -0.633142E-001  0.685108      -0.602954E-002
   189.500 -0.639438E-001  0.684947      -0.607677E-002
   190.000 -0.645709E-001  0.684785      -0.612382E-002
   190.500 -0.651957E-001  0.684622      -0.617069E-002
   191.000 -0.658182E-001  0.684458      -0.621738E-002
   191.500 -0.664382E-001  0.684293      -0.626390E-002
   192.000 -0.670560E-001  0.684127      -0.631024E-002
   192.500 -0.676713E-001  0.683960      -0.635640E-002
   193.000 -0.682844E-001  0.683792      -0.640239E-002
   193.500 -0.688951E-001  0.683624      -0.644821E-002
   194.000 -0.695036E-001  0.683454      -0.649385E-002
   194.500 -0.701097E-001  0.683284      -0.653932E-002
   195.000 -0.707135E-001  0.683113      -0.658462E-002
   195.500 -0.713151E-001  0.682941      -0.662975E-002
   196.000 -0.719143E-001  0.682768      -0.667470E-002
   196.500 -0.725113E-001  0.682594      -0.671949E-002
   197.000 -0.731061E-001  0.682420      -0.676410E-002
   197.500 -0.736986E-001  0.682245      -0.680855E-002
   198.000 -0.742888E-001  0.682069      -0.685283E-002
   198.500 -0.748768E-001  0.681892      -0.689694E-002
   199.000 -0.754626E-001  0.681714      -0.694089E-002
   199.500 -0.760462E-001  0.681536      -0.698467E-002
   200.000 -0.766276E-001  0.681357      -0.702828E-002
   200.500 -0.772068E-001  0.681178      -0.707173E-002
   201.000 -0.777837E-001  0.680997      -0.711501E-002
   201.500 -0.783585E-001  0.680816      -0.715813E-002
   202.000 -0.789311E-001  0.680635      -0.720109E-002
   202.500 -0.795016E-001  0.680452      -0.724388E-002
   203.000 -0.800699E-001  0.680269      -0.728652E-002
   203.500 -0.806360E-001  0.680086      -0.732899E-002
   204.000 -0.812000E-001  0.679902      -0.737130E-002
   204.500 -0.817619E-001  0.679717      -0.741345E-002
   205.000 -0.823217E-001  0.679532      -0.745544E-002
   205.500 -0.828793E-001  0.679346      -0.749727E-002
   206.000 -0.834348E-001  0.679159      -0.753894E-002
   206.500 -0.839882E-001  0.678972      -0.758046E-002
   207.000 -0.845395E-001  0.678784      -0.762182E-002
   207.500 -0.850888E-001  0.678596      -0.766302E-002
   208.000 -0.856359E-001  0.678408      -0.770407E-002
   208.500 -0.861810E-001  0.678218      -0.774496E-002
   209.000 -0.867240E-001  0.678029      -0.778569E-002
   209.500 -0.872650E-001  0.677839      -0.782628E-002
   210.000 -0.878039E-001  0.677648      -0.786670E-002
   210.500 -0.883408E-001  0.677457      -0.790698E-002
   211.000 -0.888757E-001  0.677265      -0.794710E-002
   211.500 -0.894085E-001  0.677073      -0.798708E-002
   212.000 -0.899393E-001  0.676881      -0.802690E-002
   212.500 -0.904681E-001  0.676688      -0.806657E-002
   213.000 -0.909949E-001  0.676494      -0.810608E-002
   213.500 -0.915197E-001  0.676301      -0.814545E-002
   214.000 -0.920425E-001  0.676107      -0.818468E-002
   214.500 -0.925634E-001  0.675912      -0.822375E-002
   215.000 -0.930823E-001  0.675717      -0.826267E-002
   215.500 -0.935992E-001  0.675522      -0.830145E-002
   216.000 -0.941141E-001  0.675326      -0.834008E-002
   216.500 -0.946271E-001  0.675130      -0.837857E-002
   217.000 -0.951382E-001  0.674934      -0.841691E-002
   217.500 -0.956473E-001  0.674737      -0.845510E-002
   218.000 -0.961545E-001  0.674540      -0.849315E-002
   218.500 -0.966598E-001  0.674343      -0.853105E-002
   219.000 -0.971632E-001  0.674145      -0.856882E-002
   219.500 -0.976647E-001  0.673947      -0.860644E-002
   220.000 -0.981642E-001  0.673749      -0.864391E-002
   220.500 -0.986619E-001  0.673550      -0.868125E-002
   221.000 -0.991577E-001  0.673352      -0.871844E-002
   221.500 -0.996516E-001  0.673153      -0.875549E-002
   222.000 -0.100144       0.672953      -0.879241E-002
   222.500 -0.100634       0.672754      -0.882918E-002
   223.000 -0.101122       0.672554      -0.886581E-002
   223.500 -0.101609       0.672354      -0.890231E-002
   224.000 -0.102093       0.672154      -0.893867E-002
   224.500 -0.102576       0.671953      -0.897489E-002
   225.000 -0.103057       0.671753      -0.901097E-002
   225.500 -0.103536       0.671552      -0.904692E-002
   226.000 -0.104014       0.671351      -0.908273E-002
   226.500 -0.104489       0.671149      -0.911840E-002
   227.000 -0.104963       0.670948      -0.915394E-002
   227.500 -0.105435       0.670746      -0.918935E-002
   228.000 -0.105905       0.670545      -0.922462E-002
   228.500 -0.106374       0.670343      -0.925976E-002
   229.000 -0.106840       0.670141      -0.929476E-002
   229.500 -0.107305       0.669938      -0.932963E-002
   230.000 -0.107768       0.669736      -0.936437E-002
   230.500 -0.108229       0.669533      -0.939898E-002
   231.000 -0.108689       0.669331      -0.943346E-002
   231.500 -0.109147       0.669128      -0.946781E-002
   232.000 -0.109603       0.668925      -0.950203E-002
   232.500 -0.110057       0.668722      -0.953611E-002
   233.000 -0.110510       0.668519      -0.957007E-002
   233.500 -0.110961       0.668316      -0.960390E-002
   234.000 -0.111410       0.668113      -0.963761E-002
   234.500 -0.111858       0.667910      -0.967118E-002
   235.000 -0.112304       0.667706      -0.970463E-002
   235.500 -0.112748       0.667503      -0.973795E-002
   236.000 -0.113190       0.667300      -0.977115E-002
   236.500 -0.113631       0.667096      -0.980422E-002
   237.000 -0.114070       0.666892      -0.983716E-002
   237.500 -0.114508       0.666689      -0.986998E-002
   238.000 -0.114944       0.666485      -0.990268E-002
   238.500 -0.115378       0.666282      -0.993525E-002
   239.000 -0.115811       0.666078      -0.996770E-002
   239.500 -0.116241       0.665874      -0.100000E-001
   240.000 -0.116671       0.665670      -0.100322E-001
   240.500 -0.117098       0.665467      -0.100643E-001
   241.000 -0.117524       0.665263      -0.100963E-001
   241.500 -0.117949       0.665059      -0.101281E-001
   242.000 -0.118372       0.664856      -0.101598E-001
   242.500 -0.118793       0.664652      -0.101914E-001
   243.000 -0.119213       0.664448      -0.102229E-001
   243.500 -0.119631       0.664245      -0.102543E-001
   244.000 -0.120047       0.664041      -0.102855E-001
   244.500 -0.120462       0.663838      -0.103166E-001
   245.000 -0.120875       0.663634      -0.103476E-001
   245.500 -0.121287       0.663431      -0.103785E-001
   246.000 -0.121697       0.663227      -0.104093E-001
   246.500 -0.122106       0.663024      -0.104400E-001
   247.000 -0.122513       0.662820      -0.104705E-001
   247.500 -0.122919       0.662617      -0.105009E-001
   248.000 -0.123323       0.662414      -0.105312E-001
   248.500 -0.123725       0.662211      -0.105614E-001
   249.000 -0.124126       0.662008      -0.105915E-001
   249.500 -0.124525       0.661805      -0.106215E-001
   250.000 -0.124923       0.661602      -0.106513E-001
   250.500 -0.125320       0.661400      -0.106811E-001
   251.000 -0.125715       0.661197      -0.107107E-001
   251.500 -0.126108       0.660995      -0.107402E-001
   252.000 -0.126500       0.660792      -0.107696E-001
   252.500 -0.126891       0.660590      -0.107989E-001
   253.000 -0.127280       0.660388      -0.108281E-001
   253.500 -0.127667       0.660186      -0.108572E-001
   254.000 -0.128053       0.659984      -0.108861E-001
   254.500 -0.128438       0.659782      -0.109150E-001
   255.000 -0.128821       0.659580      -0.109437E-001
   255.500 -0.129203       0.659379      -0.109723E-001
   256.000 -0.129583       0.659177      -0.110009E-001
   256.500 -0.129962       0.658976      -0.110293E-001
   257.000 -0.130339       0.658775      -0.110576E-001
   257.500 -0.130715       0.658574      -0.110858E-001
   258.000 -0.131090       0.658373      -0.111139E-001
   258.500 -0.131463       0.658173      -0.111419E-001
   259.000 -0.131834       0.657972      -0.111698E-001
   259.500 -0.132205       0.657772      -0.111975E-001
   260.000 -0.132573       0.657572      -0.112252E-001
   260.500 -0.132941       0.657372      -0.112528E-001
   261.000 -0.133307       0.657172      -0.112803E-001
   261.500 -0.133672       0.656973      -0.113076E-001
   262.000 -0.134035       0.656773      -0.113349E-001
   262.500 -0.134397       0.656574      -0.113620E-001
   263.000 -0.134758       0.656375      -0.113891E-001
   263.500 -0.135117       0.656176      -0.114160E-001
   264.000 -0.135475       0.655977      -0.114429E-001
   264.500 -0.135831       0.655779      -0.114696E-001
   265.000 -0.136186       0.655581      -0.114963E-001
   265.500 -0.136540       0.655383      -0.115228E-001
   266.000 -0.136893       0.655185      -0.115492E-001
   266.500 -0.137244       0.654987      -0.115756E-001
   267.000 -0.137594       0.654790      -0.116018E-001
   267.500 -0.137942       0.654593      -0.116280E-001
   268.000 -0.138289       0.654396      -0.116540E-001
   268.500 -0.138635       0.654199      -0.116800E-001
   269.000 -0.138980       0.654003      -0.117058E-001
   269.500 -0.139323       0.653807      -0.117316E-001
   270.000 -0.139665       0.653611      -0.117572E-001
   270.500 -0.140006       0.653415      -0.117828E-001
   271.000 -0.140345       0.653219      -0.118082E-001
   271.500 -0.140683       0.653024      -0.118336E-001
   272.000 -0.141020       0.652829      -0.118589E-001
   272.500 -0.141355       0.652634      -0.118840E-001
   273.000 -0.141690       0.652440      -0.119091E-001
   273.500 -0.142023       0.652246      -0.119341E-001
   274.000 -0.142354       0.652051      -0.119590E-001
   274.500 -0.142685       0.651858      -0.119838E-001
   275.000 -0.143014       0.651664      -0.120085E-001
   275.500 -0.143342       0.651471      -0.120331E-001
   276.000 -0.143669       0.651278      -0.120576E-001
   276.500 -0.143994       0.651085      -0.120820E-001
   277.000 -0.144319       0.650893      -0.121063E-001
   277.500 -0.144642       0.650701      -0.121306E-001
   278.000 -0.144964       0.650509      -0.121547E-001
   278.500 -0.145284       0.650317      -0.121787E-001
   279.000 -0.145604       0.650126      -0.122027E-001
   279.500 -0.145922       0.649935      -0.122266E-001
   280.000 -0.146239       0.649744      -0.122504E-001
   280.500 -0.146555       0.649553      -0.122740E-001
   281.000 -0.146869       0.649363      -0.122976E-001
   281.500 -0.147183       0.649173      -0.123212E-001
   282.000 -0.147495       0.648984      -0.123446E-001
   282.500 -0.147806       0.648794      -0.123679E-001
   283.000 -0.148116       0.648605      -0.123912E-001
   283.500 -0.148424       0.648417      -0.124143E-001
   284.000 -0.148732       0.648228      -0.124374E-001
   284.500 -0.149038       0.648040      -0.124604E-001
   285.000 -0.149343       0.647852      -0.124833E-001
   285.500 -0.149647       0.647665      -0.125061E-001
   286.000 -0.149950       0.647477      -0.125288E-001
   286.500 -0.150252       0.647290      -0.125514E-001
   287.000 -0.150553       0.647104      -0.125740E-001
   287.500 -0.150852       0.646918      -0.125964E-001
   288.000 -0.151150       0.646732      -0.126188E-001
   288.500 -0.151448       0.646546      -0.126411E-001
   289.000 -0.151744       0.646361      -0.126633E-001
   289.500 -0.152039       0.646175      -0.126855E-001
   290.000 -0.152333       0.645991      -0.127075E-001
   290.500 -0.152625       0.645806      -0.127295E-001
   291.000 -0.152917       0.645622      -0.127513E-001
   291.500 -0.153207       0.645438      -0.127731E-001
   292.000 -0.153497       0.645255      -0.127948E-001
   292.500 -0.153785       0.645072      -0.128165E-001
   293.000 -0.154072       0.644889      -0.128380E-001
   293.500 -0.154359       0.644707      -0.128595E-001
   294.000 -0.154644       0.644525      -0.128809E-001
   294.500 -0.154928       0.644343      -0.129022E-001
   295.000 -0.155210       0.644161      -0.129234E-001
   295.500 -0.155492       0.643980      -0.129445E-001
   296.000 -0.155773       0.643799      -0.129656E-001
   296.500 -0.156053       0.643619      -0.129866E-001
   297.000 -0.156331       0.643439      -0.130075E-001
   297.500 -0.156609       0.643259      -0.130283E-001
   298.000 -0.156886       0.643080      -0.130491E-001
   298.500 -0.157161       0.642901      -0.130697E-001
   299.000 -0.157436       0.642722      -0.130903E-001
   299.500 -0.157709       0.642543      -0.131108E-001
   300.000 -0.157981       0.642365      -0.131313E-001
