     0.000  0.000000E+000  0.000000E+000  0.000000E+000  0.500000E-003  0.000000E+000  0.000000E+000  0.000000E+000  0.000000E+000  0.000000E+000 -0.500000E-003  0.000000E+000  0.000000E+000  0.000000E+000  0.000000E+000  0.000000E+000  0.000000E+000  0.000000E+000  0.000000E+000  0.000000E+000  0.000000E+000  0.000000E+000  0.000000E+000  0.000000E+000  0.000000E+000  0.000000E+000  0.000000E+000  0.000000E+000  0.000000E+000  0.000000E+000  0.000000E+000  0.000000E+000  0.000000E+000
     0.500  0.000000E+000  0.000000E+000  0.179469E-001  0.869565E-001  0.000000E+000  0.000000E+000  0.000000E+000  0.000000E+000  0.179469E-001 -0.869565E-001  0.000000E+000  0.000000E+000  0.000000E+000  0.000000E+000  0.000000E+000  0.000000E+000  0.000000E+000  0.000000E+000  0.000000E+000  0.000000E+000  0.000000E+000  0.000000E+000  0.000000E+000  0.000000E+000  0.000000E+000  0.000000E+000  0.000000E+000  0.000000E+000  0.000000E+000  0.000000E+000  0.000000E+000  0.000000E+000
     1.000  0.000000E+000  0.000000E+000  0.626421E-001  0.109942E+000  0.000000E+000  0.000000E+000  0.000000E+000  0.000000E+000  0.626421E-001 -0.109942E+000  0.000000E+000  0.000000E+000  0.000000E+000  0.000000E+000  0.000000E+000  0.000000E+000  0.000000E+000  0.000000E+000  0.000000E+000  0.000000E+000  0.000000E+000  0.000000E+000  0.000000E+000  0.000000E+000  0.000000E+000  0.000000E+000  0.000000E+000  0.000000E+000  0.000000E+000  0.000000E+000  0.000000E+000  0.000000E+000
     1.500  0.000000E+000  0.000000E+000  0.999383E-001  0.705848E-001  0.000000E+000  0.000000E+000  0.000000E+000  0.000000E+000  0.999383E-001 -0.705848E-001  0.000000E+000  0.000000E+000  0.000000E+000  0.000000E+000  0.000000E+000  0.000000E+000  0.000000E+000  0.000000E+000  0.000000E+000  0.000000E+000  0.000000E+000  0.000000E+000  0.000000E+000  0.000000E+000  0.000000E+000  0.000000E+000  0.000000E+000  0.000000E+000  0.000000E+000  0.000000E+000  0.000000E+000  0.000000E+000
     2.000  0.000000E+000  0.000000E+000  0.109748E+000  0.126041E-001  0.000000E+000  0.000000E+000  0.000000E+000  0.000000E+000  0.109748E+000 -0.126041E-001  0.000000E+000  0.000000E+000  0.000000E+000  0.000000E+000  0.000000E+000  0.000000E+000  0.000000E+000  0.000000E+000  0.000000E+000  0.000000E+000  0.000000E+000  0.000000E+000  0.000000E+000  0.000000E+000  0.000000E+000  0.000000E+000  0.000000E+000  0.000000E+000  0.000000E+000  0.000000E+000  0.000000E+000  0.000000E+000
     2.500  0.000000E+000  0.000000E+000  0.949379E-001 -0.243922E-001  0.000000E+000  0.000000E+000  0.000000E+000  0.000000E+000  0.949379E-001  0.243922E-001  0.000000E+000  0.000000E+000  0.000000E+000  0.000000E+000  0.000000E+000  0.000000E+000  0.000000E+000  0.000000E+000  0.000000E+000  0.000000E+000  0.000000E+000  0.000000E+000  0.000000E+000  0.000000E+000  0.000000E+000  0.000000E+000  0.000000E+000  0.000000E+000  0.000000E+000  0.000000E+000  0.000000E+000  0.000000E+000
     3.000  0.000000E+000  0.000000E+000  0.707308E-001 -0.295891E-001  0.000000E+000  0.000000E+000  0.000000E+000  0.000000E+000  0.707308E-001  0.295891E-001  0.000000E+000  0.000000E+000  0.000000E+000  0.000000E+000  0.000000E+000  0.000000E+000  0.000000E+000  0.000000E+000  0.000000E+000  0.000000E+000  0.000000E+000  0.000000E+000  0.000000E+000  0.000000E+000  0.000000E+000  0.000000E+000  0.000000E+000  0.000000E+000  0.000000E+000  0.000000E+000  0.000000E+000  0.000000E+000
     3.500  0.000000E+000  0.000000E+000  0.509114E-001 -0.139297E-001  0.000000E+000  0.000000E+000  0.000000E+000  0.000000E+000  0.509114E-001  0.139297E-001  0.000000E+000  0.000000E+000  0.000000E+000  0.000000E+000  0.000000E+000  0.000000E+000  0.000000E+000  0.000000E+000  0.000000E+000  0.000000E+000  0.000000E+000  0.000000E+000  0.000000E+000  0.000000E+000  0.000000E+000  0.000000E+000  0.000000E+000  0.000000E+000  0.000000E+000  0.000000E+000  0.000000E+000  0.000000E+000
     4.000  0.000000E+000  0.000000E+000  0.414608E-001  0.665317E-002  0.000000E+000  0.000000E+000  0.000000E+000  0.000000E+000  0.414608E-001 -0.665317E-002  0.000000E+000  0.000000E+000  0.000000E+000  0.000000E+000  0.000000E+000  0.000000E+000  0.000000E+000  0.000000E+000  0.000000E+000  0.000000E+000  0.000000E+000  0.000000E+000  0.000000E+000  0.000000E+000  0.000000E+000  0.000000E+000  0.000000E+000  0.000000E+000  0.000000E+000  0.000000E+000  0.000000E+000  0.000000E+000
     4.500  0.000000E+000  0.000000E+000  0.413562E-001  0.213632E-001  0.000000E+000  0.000000E+000  0.000000E+000  0.000000E+000  0.413562E-001 -0.213632E-001  0.000000E+000  0.000000E+000  0.000000E+000  0.000000E+000  0.000000E+000  0.000000E+000  0.000000E+000  0.000000E+000  0.000000E+000  0.000000E+000  0.000000E+000  0.000000E+000  0.000000E+000  0.000000E+000  0.000000E+000  0.000000E+000  0.000000E+000  0.000000E+000  0.000000E+000  0.000000E+000  0.000000E+000  0.000000E+000
     5.000  0.000000E+000  0.000000E+000  0.461291E-001  0.264919E-001  0.000000E+000  0.000000E+000  0.000000E+000  0.000000E+000  0.461291E-001 -0.264919E-001  0.000000E+000  0.000000E+000  0.000000E+000  0.000000E+000  0.000000E+000  0.000000E+000  0.000000E+000  0.000000E+000  0.000000E+000  0.000000E+000  0.000000E+000  0.000000E+000  0.000000E+000  0.000000E+000  0.000000E+000  0.000000E+000  0.000000E+000  0.000000E+000  0.000000E+000  0.000000E+000  0.000000E+000  0.000000E+000
     5.500  0.000000E+000  0.000000E+000  0.510803E-001  0.234769E-001  0.000000E+000  0.000000E+000  0.000000E+000  0.000000E+000  0.510803E-001 -0.234769E-001  0.000000E+000  0.000000E+000  0.000000E+000  0.000000E+000  0.000000E+000  0.000000E+000  0.000000E+000  0.000000E+000  0.000000E+000  0.000000E+000  0.000000E+000  0.000000E+000  0.000000E+000  0.000000E+000  0.000000E+000  0.000000E+000  0.000000E+000  0.000000E+000  0.000000E+000  0.000000E+000  0.000000E+000  0.000000E+000
     6.000  0.000000E+000  0.000000E+000  0.531371E-001  0.162176E-001  0.000000E+000  0.000000E+000  0.000000E+000  0.000000E+000  0.531371E-001 -0.162176E-001  0.000000E+000  0.000000E+000  0.000000E+000  0.000000E+000  0.000000E+000  0.000000E+000  0.000000E+000  0.000000E+000  0.000000E+000  0.000000E+000  0.000000E+000  0.000000E+000  0.000000E+000  0.000000E+000  0.000000E+000  0.000000E+000  0.000000E+000  0.000000E+000  0.000000E+000  0.000000E+000  0.000000E+000  0.000000E+000
     6.500  0.000000E+000  0.000000E+000  0.513986E-001  0.881922E-002  0.000000E+000  0.000000E+000  0.000000E+000  0.000000E+000  0.513986E-001 -0.881922E-002  0.000000E+000  0.000000E+000  0.000000E+000  0.000000E+000  0.000000E+000  0.000000E+000  0.000000E+000  0.000000E+000  0.000000E+000  0.000000E+000  0.000000E+000  0.000000E+000  0.000000E+000  0.000000E+000  0.000000E+000  0.000000E+000  0.000000E+000  0.000000E+000  0.000000E+000  0.000000E+000  0.000000E+000  0.000000E+000
     7.000  0.000000E+000  0.000000E+000  0.467343E-001  0.409754E-002  0.000000E+000  0.000000E+000  0.000000E+000  0.000000E+000  0.467343E-001 -0.409754E-002  0.000000E+000  0.000000E+000  0.000000E+000  0.000000E+000  0.000000E+000  0.000000E+000  0.000000E+000  0.000000E+000  0.000000E+000  0.000000E+000  0.000000E+000  0.000000E+000  0.000000E+000  0.000000E+000  0.000000E+000  0.000000E+000  0.000000E+000  0.000000E+000  0.000000E+000  0.000000E+000  0.000000E+000  0.000000E+000
     7.500  0.000000E+000  0.000000E+000  0.408878E-001  0.297120E-002  0.000000E+000  0.000000E+000  0.000000E+000  0.000000E+000  0.408878E-001 -0.297120E-002  0.000000E+000  0.000000E+000  0.000000E+000  0.000000E+000  0.000000E+000  0.000000E+000  0.000000E+000  0.000000E+000  0.000000E+000  0.000000E+000  0.000000E+000  0.000000E+000  0.000000E+000  0.000000E+000  0.000000E+000  0.000000E+000  0.000000E+000  0.000000E+000  0.000000E+000  0.000000E+000  0.000000E+000  0.000000E+000
     8.000  0.000000E+000  0.000000E+000  0.355365E-001  0.468605E-002  0.000000E+000  0.000000E+000  0.000000E+000  0.000000E+000  0.355365E-001 -0.468605E-002  0.000000E+000  0.000000E+000  0.000000E+000  0.000000E+000  0.000000E+000  0.000000E+000  0.000000E+000  0.000000E+000  0.000000E+000  0.000000E+000  0.000000E+000  0.000000E+000  0.000000E+000  0.000000E+000  0.000000E+000  0.000000E+000  0.000000E+000  0.000000E+000  0.000000E+000  0.000000E+000  0.000000E+000  0.000000E+000
     8.500  0.000000E+000  0.000000E+000  0.316555E-001  0.759321E-002  0.000000E+000  0.000000E+000  0.000000E+000  0.000000E+000  0.316555E-001 -0.759321E-002  0.000000E+000  0.000000E+000  0.000000E+000  0.000000E+000  0.000000E+000  0.000000E+000  0.000000E+000  0.000000E+000  0.000000E+000  0.000000E+000  0.000000E+000  0.000000E+000  0.000000E+000  0.000000E+000  0.000000E+000  0.000000E+000  0.000000E+000  0.000000E+000  0.000000E+000  0.000000E+000  0.000000E+000  0.000000E+000
     9.000  0.000000E+000  0.000000E+000  0.293398E-001  0.100581E-001  0.000000E+000  0.000000E+000  0.000000E+000  0.000000E+000  0.293398E-001 -0.100581E-001  0.000000E+000  0.000000E+000  0.000000E+000  0.000000E+000  0.000000E+000  0.000000E+000  0.000000E+000  0.000000E+000  0.000000E+000  0.000000E+000  0.000000E+000  0.000000E+000  0.000000E+000  0.000000E+000  0.000000E+000  0.000000E+000  0.000000E+000  0.000000E+000  0.000000E+000  0.000000E+000  0.000000E+000  0.000000E+000
     9.500  0.000000E+000  0.000000E+000  0.280290E-001  0.111140E-001  0.000000E+000  0.000000E+000  0.000000E+000  0.000000E+000  0.280290E-001 -0.111140E-001  0.000000E+000  0.000000E+000  0.000000E+000  0.000000E+000  0.000000E+000  0.000000E+000  0.000000E+000  0.000000E+000  0.000000E+000  0.000000E+000  0.000000E+000  0.000000E+000  0.000000E+000  0.000000E+000  0.000000E+000  0.000000E+000  0.000000E+000  0.000000E+000  0.000000E+000  0.000000E+000  0.000000E+000  0.000000E+000
    10.000  0.000000E+000  0.000000E+000  0.269314E-001  0.106628E-001  0.000000E+000  0.000000E+000  0.000000E+000  0.000000E+000  0.269314E-001 -0.106628E-001  0.000000E+000  0.000000E+000  0.000000E+000  0.000000E+000  0.000000E+000  0.000000E+000  0.000000E+000  0.000000E+000  0.000000E+000  0.000000E+000  0.000000E+000  0.000000E+000  0.000000E+000  0.000000E+000  0.000000E+000  0.000000E+000  0.000000E+000  0.000000E+000  0.000000E+000  0.000000E+000  0.000000E+000  0.000000E+000
    10.500  0.000000E+000  0.000000E+000  0.254198E-001  0.926110E-002  0.000000E+000  0.000000E+000  0.000000E+000  0.000000E+000  0.254198E-001 -0.926110E-002  0.000000E+000  0.000000E+000  0.000000E+000  0.000000E+000  0.000000E+000  0.000000E+000  0.000000E+000  0.000000E+000  0.000000E+000  0.000000E+000  0.000000E+000  0.000000E+000  0.000000E+000  0.000000E+000  0.000000E+000  0.000000E+000  0.000000E+000  0.000000E+000  0.000000E+000  0.000000E+000  0.000000E+000  0.000000E+000
    11.000  0.000000E+000  0.000000E+000  0.232421E-001  0.769579E-002  0.000000E+000  0.000000E+000  0.000000E+000  0.000000E+000  0.232421E-001 -0.769579E-002  0.000000E+000  0.000000E+000  0.000000E+000  0.000000E+000  0.000000E+000  0.000000E+000  0.000000E+000  0.000000E+000  0.000000E+000  0.000000E+000  0.000000E+000  0.000000E+000  0.000000E+000  0.000000E+000  0.000000E+000  0.000000E+000  0.000000E+000  0.000000E+000  0.000000E+000  0.000000E+000  0.000000E+000  0.000000E+000
    11.500  0.000000E+000  0.000000E+000  0.205138E-001  0.658663E-002  0.000000E+000  0.000000E+000  0.000000E+000  0.000000E+000  0.205138E-001 -0.658663E-002  0.000000E+000  0.000000E+000  0.000000E+000  0.000000E+000  0.000000E+000  0.000000E+000  0.000000E+000  0.000000E+000  0.000000E+000  0.000000E+000  0.000000E+000  0.000000E+000  0.000000E+000  0.000000E+000  0.000000E+000  0.000000E+000  0.000000E+000  0.000000E+000  0.000000E+000  0.000000E+000  0.000000E+000  0.000000E+000
    12.000  0.000000E+000  0.000000E+000  0.175587E-001  0.617716E-002  0.000000E+000  0.000000E+000  0.000000E+000  0.000000E+000  0.175587E-001 -0.617716E-002  0.000000E+000  0.000000E+000  0.000000E+000  0.000000E+000  0.000000E+000  0.000000E+000  0.000000E+000  0.000000E+000  0.000000E+000  0.000000E+000  0.000000E+000  0.000000E+000  0.000000E+000  0.000000E+000  0.000000E+000  0.000000E+000  0.000000E+000  0.000000E+000  0.000000E+000  0.000000E+000  0.000000E+000  0.000000E+000
    12.500  0.000000E+000  0.000000E+000  0.147107E-001  0.634674E-002  0.000000E+000  0.000000E+000  0.000000E+000  0.000000E+000  0.147107E-001 -0.634674E-002  0.000000E+000  0.000000E+000  0.000000E+000  0.000000E+000  0.000000E+000  0.000000E+000  0.000000E+000  0.000000E+000  0.000000E+000  0.000000E+000  0.000000E+000  0.000000E+000  0.000000E+000  0.000000E+000  0.000000E+000  0.000000E+000  0.000000E+000  0.000000E+000  0.000000E+000  0.000000E+000  0.000000E+000  0.000000E+000
    13.000  0.000000E+000  0.000000E+000  0.121717E-001  0.677239E-002  0.000000E+000  0.000000E+000  0.000000E+000  0.000000E+000  0.121717E-001 -0.677239E-002  0.000000E+000  0.000000E+000  0.000000E+000  0.000000E+000  0.000000E+000  0.000000E+000  0.000000E+000  0.000000E+000  0.000000E+000  0.000000E+000  0.000000E+000  0.000000E+000  0.000000E+000  0.000000E+000  0.000000E+000  0.000000E+000  0.000000E+000  0.000000E+000  0.000000E+000  0.000000E+000  0.000000E+000  0.000000E+000
    13.500  0.000000E+000  0.000000E+000  0.996818E-002  0.712607E-002  0.000000E+000  0.000000E+000  0.000000E+000  0.000000E+000  0.996818E-002 -0.712607E-002  0.000000E+000  0.000000E+000  0.000000E+000  0.000000E+000  0.000000E+000  0.000000E+000  0.000000E+000  0.000000E+000  0.000000E+000  0.000000E+000  0.000000E+000  0.000000E+000  0.000000E+000  0.000000E+000  0.000000E+000  0.000000E+000  0.000000E+000  0.000000E+000  0.000000E+000  0.000000E+000  0.000000E+000  0.000000E+000
    14.000  0.000000E+000  0.000000E+000  0.799445E-002  0.721331E-002  0.000000E+000  0.000000E+000  0.000000E+000  0.000000E+000  0.799445E-002 -0.721331E-002  0.000000E+000  0.000000E+000  0.000000E+000  0.000000E+000  0.000000E+000  0.000000E+000  0.000000E+000  0.000000E+000  0.000000E+000  0.000000E+000  0.000000E+000  0.000000E+000  0.000000E+000  0.000000E+000  0.000000E+000  0.000000E+000  0.000000E+000  0.000000E+000  0.000000E+000  0.000000E+000  0.000000E+000  0.000000E+000
    14.500  0.000000E+000  0.000000E+000  0.609776E-002  0.701290E-002  0.000000E+000  0.000000E+000  0.000000E+000  0.000000E+000  0.609776E-002 -0.701290E-002  0.000000E+000  0.000000E+000  0.000000E+000  0.000000E+000  0.000000E+000  0.000000E+000  0.000000E+000  0.000000E+000  0.000000E+000  0.000000E+000  0.000000E+000  0.000000E+000  0.000000E+000  0.000000E+000  0.000000E+000  0.000000E+000  0.000000E+000  0.000000E+000  0.000000E+000  0.000000E+000  0.000000E+000  0.000000E+000
    15.000  0.000000E+000  0.000000E+000  0.415655E-002  0.663180E-002  0.000000E+000  0.000000E+000  0.000000E+000  0.000000E+000  0.415655E-002 -0.663180E-002  0.000000E+000  0.000000E+000  0.000000E+000  0.000000E+000  0.000000E+000  0.000000E+000  0.000000E+000  0.000000E+000  0.000000E+000  0.000000E+000  0.000000E+000  0.000000E+000  0.000000E+000  0.000000E+000  0.000000E+000  0.000000E+000  0.000000E+000  0.000000E+000  0.000000E+000  0.000000E+000  0.000000E+000  0.000000E+000
    15.500  0.000000E+000  0.000000E+000  0.212138E-002  0.622065E-002  0.000000E+000  0.000000E+000  0.000000E+000  0.000000E+000  0.212138E-002 -0.622065E-002  0.000000E+000  0.000000E+000  0.000000E+000  0.000000E+000  0.000000E+000  0.000000E+000  0.000000E+000  0.000000E+000  0.000000E+000  0.000000E+000  0.000000E+000  0.000000E+000  0.000000E+000  0.000000E+000  0.000000E+000  0.000000E+000  0.000000E+000  0.000000E+000  0.000000E+000  0.000000E+000  0.000000E+000  0.000000E+000
    16.000  0.000000E+000  0.000000E+000  0.129928E-004  0.589748E-002  0.000000E+000  0.000000E+000  0.000000E+000  0.000000E+000  0.129928E-004 -0.589748E-002  0.000000E+000  0.000000E+000  0.000000E+000  0.000000E+000  0.000000E+000  0.000000E+000  0.000000E+000  0.000000E+000  0.000000E+000  0.000000E+000  0.000000E+000  0.000000E+000  0.000000E+000  0.000000E+000  0.000000E+000  0.000000E+000  0.000000E+000  0.000000E+000  0.000000E+000  0.000000E+000  0.000000E+000  0.000000E+000
    16.500  0.000000E+000  0.000000E+000 -0.210810E-002  0.570880E-002  0.000000E+000  0.000000E+000  0.000000E+000  0.000000E+000 -0.210810E-002 -0.570880E-002  0.000000E+000  0.000000E+000  0.000000E+000  0.000000E+000  0.000000E+000  0.000000E+000  0.000000E+000  0.000000E+000  0.000000E+000  0.000000E+000  0.000000E+000  0.000000E+000  0.000000E+000  0.000000E+000  0.000000E+000  0.000000E+000  0.000000E+000  0.000000E+000  0.000000E+000  0.000000E+000  0.000000E+000  0.000000E+000
    17.000  0.000000E+000  0.000000E+000 -0.417919E-002  0.563245E-002  0.000000E+000  0.000000E+000  0.000000E+000  0.000000E+000 -0.417919E-002 -0.563245E-002  0.000000E+000  0.000000E+000  0.000000E+000  0.000000E+000  0.000000E+000  0.000000E+000  0.000000E+000  0.000000E+000  0.000000E+000  0.000000E+000  0.000000E+000  0.000000E+000  0.000000E+000  0.000000E+000  0.000000E+000  0.000000E+000  0.000000E+000  0.000000E+000  0.000000E+000  0.000000E+000  0.000000E+000  0.000000E+000
    17.500  0.000000E+000  0.000000E+000 -0.616214E-002  0.560816E-002  0.000000E+000  0.000000E+000  0.000000E+000  0.000000E+000 -0.616214E-002 -0.560816E-002  0.000000E+000  0.000000E+000  0.000000E+000  0.000000E+000  0.000000E+000  0.000000E+000  0.000000E+000  0.000000E+000  0.000000E+000  0.000000E+000  0.000000E+000  0.000000E+000  0.000000E+000  0.000000E+000  0.000000E+000  0.000000E+000  0.000000E+000  0.000000E+000  0.000000E+000  0.000000E+000  0.000000E+000  0.000000E+000
    18.000  0.000000E+000  0.000000E+000 -0.805166E-002  0.557426E-002  0.000000E+000  0.000000E+000  0.000000E+000  0.000000E+000 -0.805166E-002 -0.557426E-002  0.000000E+000  0.000000E+000  0.000000E+000  0.000000E+000  0.000000E+000  0.000000E+000  0.000000E+000  0.000000E+000  0.000000E+000  0.000000E+000  0.000000E+000  0.000000E+000  0.000000E+000  0.000000E+000  0.000000E+000  0.000000E+000  0.000000E+000  0.000000E+000  0.000000E+000  0.000000E+000  0.000000E+000  0.000000E+000
    18.500  0.000000E+000  0.000000E+000 -0.986747E-002  0.549367E-002  0.000000E+000  0.000000E+000  0.000000E+000  0.000000E+000 -0.986747E-002 -0.549367E-002  0.000000E+000  0.000000E+000  0.000000E+000  0.000000E+000  0.000000E+000  0.000000E+000  0.000000E+000  0.000000E+000  0.000000E+000  0.000000E+000  0.000000E+000  0.000000E+000  0.000000E+000  0.000000E+000  0.000000E+000  0.000000E+000  0.000000E+000  0.000000E+000  0.000000E+000  0.000000E+000  0.000000E+000  0.000000E+000
    19.000  0.000000E+000  0.000000E+000 -0.116385E-001  0.536155E-002  0.000000E+000  0.000000E+000  0.000000E+000  0.000000E+000 -0.116385E-001 -0.536155E-002  0.000000E+000  0.000000E+000  0.000000E+000  0.000000E+000  0.000000E+000  0.000000E+000  0.000000E+000  0.000000E+000  0.000000E+000  0.000000E+000  0.000000E+000  0.000000E+000  0.000000E+000  0.000000E+000  0.000000E+000  0.000000E+000  0.000000E+000  0.000000E+000  0.000000E+000  0.000000E+000  0.000000E+000  0.000000E+000
    19.500  0.000000E+000  0.000000E+000 -0.133881E-001  0.519728E-002  0.000000E+000  0.000000E+000  0.000000E+000  0.000000E+000 -0.133881E-001 -0.519728E-002  0.000000E+000  0.000000E+000  0.000000E+000  0.000000E+000  0.000000E+000  0.000000E+000  0.000000E+000  0.000000E+000  0.000000E+000  0.000000E+000  0.000000E+000  0.000000E+000  0.000000E+000  0.000000E+000  0.000000E+000  0.000000E+000  0.000000E+000  0.000000E+000  0.000000E+000  0.000000E+000  0.000000E+000  0.000000E+000
    20.000  0.000000E+000  0.000000E+000 -0.151264E-001  0.502885E-002  0.000000E+000  0.000000E+000  0.000000E+000  0.000000E+000 -0.151264E-001 -0.502885E-002  0.000000E+000  0.000000E+000  0.000000E+000  0.000000E+000  0.000000E+000  0.000000E+000  0.000000E+000  0.000000E+000  0.000000E+000  0.000000E+000  0.000000E+000  0.000000E+000  0.000000E+000  0.000000E+000  0.000000E+000  0.000000E+000  0.000000E+000  0.000000E+000  0.000000E+000  0.000000E+000  0.000000E+000  0.000000E+000
    20.500  0.000000E+000  0.000000E+000 -0.168504E-001  0.487857E-002  0.000000E+000  0.000000E+000  0.000000E+000  0.000000E+000 -0.168504E-001 -0.487857E-002  0.000000E+000  0.000000E+000  0.000000E+000  0.000000E+000  0.000000E+000  0.000000E+000  0.000000E+000  0.000000E+000  0.000000E+000  0.000000E+000  0.000000E+000  0.000000E+000  0.000000E+000  0.000000E+000  0.000000E+000  0.000000E+000  0.000000E+000  0.000000E+000  0.000000E+000  0.000000E+000  0.000000E+000  0.000000E+000
    21.000  0.000000E+000  0.000000E+000 -0.185493E-001  0.475551E-002  0.000000E+000  0.000000E+000  0.000000E+000  0.000000E+000 -0.185493E-001 -0.475551E-002  0.000000E+000  0.000000E+000  0.000000E+000  0.000000E+000  0.000000E+000  0.000000E+000  0.000000E+000  0.000000E+000  0.000000E+000  0.000000E+000  0.000000E+000  0.000000E+000  0.000000E+000  0.000000E+000  0.000000E+000  0.000000E+000  0.000000E+000  0.000000E+000  0.000000E+000  0.000000E+000  0.000000E+000  0.000000E+000
    21.500  0.000000E+000  0.000000E+000 -0.202118E-001  0.465585E-002  0.000000E+000  0.000000E+000  0.000000E+000  0.000000E+000 -0.202118E-001 -0.465585E-002  0.000000E+000  0.000000E+000  0.000000E+000  0.000000E+000  0.000000E+000  0.000000E+000  0.000000E+000  0.000000E+000  0.000000E+000  0.000000E+000  0.000000E+000  0.000000E+000  0.000000E+000  0.000000E+000  0.000000E+000  0.000000E+000  0.000000E+000  0.000000E+000  0.000000E+000  0.000000E+000  0.000000E+000  0.000000E+000
    22.000  0.000000E+000  0.000000E+000 -0.218309E-001  0.456838E-002  0.000000E+000  0.000000E+000  0.000000E+000  0.000000E+000 -0.218309E-001 -0.456838E-002  0.000000E+000  0.000000E+000  0.000000E+000  0.000000E+000  0.000000E+000  0.000000E+000  0.000000E+000  0.000000E+000  0.000000E+000  0.000000E+000  0.000000E+000  0.000000E+000  0.000000E+000  0.000000E+000  0.000000E+000  0.000000E+000  0.000000E+000  0.000000E+000  0.000000E+000  0.000000E+000  0.000000E+000  0.000000E+000
    22.500  0.000000E+000  0.000000E+000 -0.234060E-001  0.448144E-002  0.000000E+000  0.000000E+000  0.000000E+000  0.000000E+000 -0.234060E-001 -0.448144E-002  0.000000E+000  0.000000E+000  0.000000E+000  0.000000E+000  0.000000E+000  0.000000E+000  0.000000E+000  0.000000E+000  0.000000E+000  0.000000E+000  0.000000E+000  0.000000E+000  0.000000E+000  0.000000E+000  0.000000E+000  0.000000E+000  0.000000E+000  0.000000E+000  0.000000E+000  0.000000E+000  0.000000E+000  0.000000E+000
    23.000  0.000000E+000  0.000000E+000 -0.249412E-001  0.438784E-002  0.000000E+000  0.000000E+000  0.000000E+000  0.000000E+000 -0.249412E-001 -0.438784E-002  0.000000E+000  0.000000E+000  0.000000E+000  0.000000E+000  0.000000E+000  0.000000E+000  0.000000E+000  0.000000E+000  0.000000E+000  0.000000E+000  0.000000E+000  0.000000E+000  0.000000E+000  0.000000E+000  0.000000E+000  0.000000E+000  0.000000E+000  0.000000E+000  0.000000E+000  0.000000E+000  0.000000E+000  0.000000E+000
    23.500  0.000000E+000  0.000000E+000 -0.264422E-001  0.428642E-002  0.000000E+000  0.000000E+000  0.000000E+000  0.000000E+000 -0.264422E-001 -0.428642E-002  0.000000E+000  0.000000E+000  0.000000E+000  0.000000E+000  0.000000E+000  0.000000E+000  0.000000E+000  0.000000E+000  0.000000E+000  0.000000E+000  0.000000E+000  0.000000E+000  0.000000E+000  0.000000E+000  0.000000E+000  0.000000E+000  0.000000E+000  0.000000E+000  0.000000E+000  0.000000E+000  0.000000E+000  0.000000E+000
    24.000  0.000000E+000  0.000000E+000 -0.279140E-001  0.418066E-002  0.000000E+000  0.000000E+000  0.000000E+000  0.000000E+000 -0.279140E-001 -0.418066E-002  0.000000E+000  0.000000E+000  0.000000E+000  0.000000E+000  0.000000E+000  0.000000E+000  0.000000E+000  0.000000E+000  0.000000E+000  0.000000E+000  0.000000E+000  0.000000E+000  0.000000E+000  0.000000E+000  0.000000E+000  0.000000E+000  0.000000E+000  0.000000E+000  0.000000E+000  0.000000E+000  0.000000E+000  0.000000E+000
    24.500  0.000000E+000  0.000000E+000 -0.293590E-001  0.407573E-002  0.000000E+000  0.000000E+000  0.000000E+000  0.000000E+000 -0.293590E-001 -0.407573E-002  0.000000E+000  0.000000E+000  0.000000E+000  0.000000E+000  0.000000E+000  0.000000E+000  0.000000E+000  0.000000E+000  0.000000E+000  0.000000E+000  0.000000E+000  0.000000E+000  0.000000E+000  0.000000E+000  0.000000E+000  0.000000E+000  0.000000E+000  0.000000E+000  0.000000E+000  0.000000E+000  0.000000E+000  0.000000E+000
    25.000  0.000000E+000  0.000000E+000 -0.307772E-001  0.397584E-002  0.000000E+000  0.000000E+000  0.000000E+000  0.000000E+000 -0.307772E-001 -0.397584E-002  0.000000E+000  0.000000E+000  0.000000E+000  0.000000E+000  0.000000E+000  0.000000E+000  0.000000E+000  0.000000E+000  0.000000E+000  0.000000E+000  0.000000E+000  0.000000E+000  0.000000E+000  0.000000E+000  0.000000E+000  0.000000E+000  0.000000E+000  0.000000E+000  0.000000E+000  0.000000E+000  0.000000E+000  0.000000E+000
    25.500  0.000000E+000  0.000000E+000 -0.321670E-001  0.388271E-002  0.000000E+000  0.000000E+000  0.000000E+000  0.000000E+000 -0.321670E-001 -0.388271E-002  0.000000E+000  0.000000E+000  0.000000E+000  0.000000E+000  0.000000E+000  0.000000E+000  0.000000E+000  0.000000E+000  0.000000E+000  0.000000E+000  0.000000E+000  0.000000E+000  0.000000E+000  0.000000E+000  0.000000E+000  0.000000E+000  0.000000E+000  0.000000E+000  0.000000E+000  0.000000E+000  0.000000E+000  0.000000E+000
    26.000  0.000000E+000  0.000000E+000 -0.335268E-001  0.379567E-002  0.000000E+000  0.000000E+000  0.000000E+000  0.000000E+000 -0.335268E-001 -0.379567E-002  0.000000E+000  0.000000E+000  0.000000E+000  0.000000E+000  0.000000E+000  0.000000E+000  0.000000E+000  0.000000E+000  0.000000E+000  0.000000E+000  0.000000E+000  0.000000E+000  0.000000E+000  0.000000E+000  0.000000E+000  0.000000E+000  0.000000E+000  0.000000E+000  0.000000E+000  0.000000E+000  0.000000E+000  0.000000E+000
    26.500  0.000000E+000  0.000000E+000 -0.348557E-001  0.371259E-002  0.000000E+000  0.000000E+000  0.000000E+000  0.000000E+000 -0.348557E-001 -0.371259E-002  0.000000E+000  0.000000E+000  0.000000E+000  0.000000E+000  0.000000E+000  0.000000E+000  0.000000E+000  0.000000E+000  0.000000E+000  0.000000E+000  0.000000E+000  0.000000E+000  0.000000E+000  0.000000E+000  0.000000E+000  0.000000E+000  0.000000E+000  0.000000E+000  0.000000E+000  0.000000E+000  0.000000E+000  0.000000E+000
    27.000  0.000000E+000  0.000000E+000 -0.361540E-001  0.363122E-002  0.000000E+000  0.000000E+000  0.000000E+000  0.000000E+000 -0.361540E-001 -0.363122E-002  0.000000E+000  0.000000E+000  0.000000E+000  0.000000E+000  0.000000E+000  0.000000E+000  0.000000E+000  0.000000E+000  0.000000E+000  0.000000E+000  0.000000E+000  0.000000E+000  0.000000E+000  0.000000E+000  0.000000E+000  0.000000E+000  0.000000E+000  0.000000E+000  0.000000E+000  0.000000E+000  0.000000E+000  0.000000E+000
    27.500  0.000000E+000  0.000000E+000 -0.374228E-001  0.355016E-002  0.000000E+000  0.000000E+000  0.000000E+000  0.000000E+000 -0.374228E-001 -0.355016E-002  0.000000E+000  0.000000E+000  0.000000E+000  0.000000E+000  0.000000E+000  0.000000E+000  0.000000E+000  0.000000E+000  0.000000E+000  0.000000E+000  0.000000E+000  0.000000E+000  0.000000E+000  0.000000E+000  0.000000E+000  0.000000E+000  0.000000E+000  0.000000E+000  0.000000E+000  0.000000E+000  0.000000E+000  0.000000E+000
    28.000  0.000000E+000  0.000000E+000 -0.386637E-001  0.346911E-002  0.000000E+000  0.000000E+000  0.000000E+000  0.000000E+000 -0.386637E-001 -0.346911E-002  0.000000E+000  0.000000E+000  0.000000E+000  0.000000E+000  0.000000E+000  0.000000E+000  0.000000E+000  0.000000E+000  0.000000E+000  0.000000E+000  0.000000E+000  0.000000E+000  0.000000E+000  0.000000E+000  0.000000E+000  0.000000E+000  0.000000E+000  0.000000E+000  0.000000E+000  0.000000E+000  0.000000E+000  0.000000E+000
    28.500  0.000000E+000  0.000000E+000 -0.398780E-001  0.338867E-002  0.000000E+000  0.000000E+000  0.000000E+000  0.000000E+000 -0.398780E-001 -0.338867E-002  0.000000E+000  0.000000E+000  0.000000E+000  0.000000E+000  0.000000E+000  0.000000E+000  0.000000E+000  0.000000E+000  0.000000E+000  0.000000E+000  0.000000E+000  0.000000E+000  0.000000E+000  0.000000E+000  0.000000E+000  0.000000E+000  0.000000E+000  0.000000E+000  0.000000E+000  0.000000E+000  0.000000E+000  0.000000E+000
    29.000  0.000000E+000  0.000000E+000 -0.410667E-001  0.330975E-002  0.000000E+000  0.000000E+000  0.000000E+000  0.000000E+000 -0.410667E-001 -0.330975E-002  0.000000E+000  0.000000E+000  0.000000E+000  0.000000E+000  0.000000E+000  0.000000E+000  0.000000E+000  0.000000E+000  0.000000E+000  0.000000E+000  0.000000E+000  0.000000E+000  0.000000E+000  0.000000E+000  0.000000E+000  0.000000E+000  0.000000E+000  0.000000E+000  0.000000E+000  0.000000E+000  0.000000E+000  0.000000E+000
    29.500  0.000000E+000  0.000000E+000 -0.422301E-001  0.323314E-002  0.000000E+000  0.000000E+000  0.000000E+000  0.000000E+000 -0.422301E-001 -0.323314E-002  0.000000E+000  0.000000E+000  0.000000E+000  0.000000E+000  0.000000E+000  0.000000E+000  0.000000E+000  0.000000E+000  0.000000E+000  0.000000E+000  0.000000E+000  0.000000E+000  0.000000E+000  0.000000E+000  0.000000E+000  0.000000E+000  0.000000E+000  0.000000E+000  0.000000E+000  0.000000E+000  0.000000E+000  0.000000E+000
    30.000  0.000000E+000  0.000000E+000 -0.433684E-001  0.315913E-002  0.000000E+000  0.000000E+000  0.000000E+000  0.000000E+000 -0.433684E-001 -0.315913E-002  0.000000E+000  0.000000E+000  0.000000E+000  0.000000E+000  0.000000E+000  0.000000E+000  0.000000E+000  0.000000E+000  0.000000E+000  0.000000E+000  0.000000E+000  0.000000E+000  0.000000E+000  0.000000E+000  0.000000E+000  0.000000E+000  0.000000E+000  0.000000E+000  0.000000E+000  0.000000E+000  0.000000E+000  0.000000E+000
    30.500  0.000000E+000  0.000000E+000 -0.444818E-001  0.308758E-002  0.000000E+000  0.000000E+000  0.000000E+000  0.000000E+000 -0.444818E-001 -0.308758E-002  0.000000E+000  0.000000E+000  0.000000E+000  0.000000E+000  0.000000E+000  0.000000E+000  0.000000E+000  0.000000E+000  0.000000E+000  0.000000E+000  0.000000E+000  0.000000E+000  0.000000E+000  0.000000E+000  0.000000E+000  0.000000E+000  0.000000E+000  0.000000E+000  0.000000E+000  0.000000E+000  0.000000E+000  0.000000E+000
    31.000  0.000000E+000  0.000000E+000 -0.455703E-001  0.301805E-002  0.000000E+000  0.000000E+000  0.000000E+000  0.000000E+000 -0.455703E-001 -0.301805E-002  0.000000E+000  0.000000E+000  0.000000E+000  0.000000E+000  0.000000E+000  0.000000E+000  0.000000E+000  0.000000E+000  0.000000E+000  0.000000E+000  0.000000E+000  0.000000E+000  0.000000E+000  0.000000E+000  0.000000E+000  0.000000E+000  0.000000E+000  0.000000E+000  0.000000E+000  0.000000E+000  0.000000E+000  0.000000E+000
    31.500  0.000000E+000  0.000000E+000 -0.466346E-001  0.295011E-002  0.000000E+000  0.000000E+000  0.000000E+000  0.000000E+000 -0.466346E-001 -0.295011E-002  0.000000E+000  0.000000E+000  0.000000E+000  0.000000E+000  0.000000E+000  0.000000E+000  0.000000E+000  0.000000E+000  0.000000E+000  0.000000E+000  0.000000E+000  0.000000E+000  0.000000E+000  0.000000E+000  0.000000E+000  0.000000E+000  0.000000E+000  0.000000E+000  0.000000E+000  0.000000E+000  0.000000E+000  0.000000E+000
    32.000  0.000000E+000  0.000000E+000 -0.476751E-001  0.288344E-002  0.000000E+000  0.000000E+000  0.000000E+000  0.000000E+000 -0.476751E-001 -0.288344E-002  0.000000E+000  0.000000E+000  0.000000E+000  0.000000E+000  0.000000E+000  0.000000E+000  0.000000E+000  0.000000E+000  0.000000E+000  0.000000E+000  0.000000E+000  0.000000E+000  0.000000E+000  0.000000E+000  0.000000E+000  0.000000E+000  0.000000E+000  0.000000E+000  0.000000E+000  0.000000E+000  0.000000E+000  0.000000E+000
    32.500  0.000000E+000  0.000000E+000 -0.486925E-001  0.281796E-002  0.000000E+000  0.000000E+000  0.000000E+000  0.000000E+000 -0.486925E-001 -0.281796E-002  0.000000E+000  0.000000E+000  0.000000E+000  0.000000E+000  0.000000E+000  0.000000E+000  0.000000E+000  0.000000E+000  0.000000E+000  0.000000E+000  0.000000E+000  0.000000E+000  0.000000E+000  0.000000E+000  0.000000E+000  0.000000E+000  0.000000E+000  0.000000E+000  0.000000E+000  0.000000E+000  0.000000E+000  0.000000E+000
    33.000  0.000000E+000  0.000000E+000 -0.496875E-001  0.275373E-002  0.000000E+000  0.000000E+000  0.000000E+000  0.000000E+000 -0.496875E-001 -0.275373E-002  0.000000E+000  0.000000E+000  0.000000E+000  0.000000E+000  0.000000E+000  0.000000E+000  0.000000E+000  0.000000E+000  0.000000E+000  0.000000E+000  0.000000E+000  0.000000E+000  0.000000E+000  0.000000E+000  0.000000E+000  0.000000E+000  0.000000E+000  0.000000E+000  0.000000E+000  0.000000E+000  0.000000E+000  0.000000E+000
    33.500  0.000000E+000  0.000000E+000 -0.506607E-001  0.269092E-002  0.000000E+000  0.000000E+000  0.000000E+000  0.000000E+000 -0.506607E-001 -0.269092E-002  0.000000E+000  0.000000E+000  0.000000E+000  0.000000E+000  0.000000E+000  0.000000E+000  0.000000E+000  0.000000E+000  0.000000E+000  0.000000E+000  0.000000E+000  0.000000E+000  0.000000E+000  0.000000E+000  0.000000E+000  0.000000E+000  0.000000E+000  0.000000E+000  0.000000E+000  0.000000E+000  0.000000E+000  0.000000E+000
    34.000  0.000000E+000  0.000000E+000 -0.516124E-001  0.262964E-002  0.000000E+000  0.000000E+000  0.000000E+000  0.000000E+000 -0.516124E-001 -0.262964E-002  0.000000E+000  0.000000E+000  0.000000E+000  0.000000E+000  0.000000E+000  0.000000E+000  0.000000E+000  0.000000E+000  0.000000E+000  0.000000E+000  0.000000E+000  0.000000E+000  0.000000E+000  0.000000E+000  0.000000E+000  0.000000E+000  0.000000E+000  0.000000E+000  0.000000E+000  0.000000E+000  0.000000E+000  0.000000E+000
    34.500  0.000000E+000  0.000000E+000 -0.525430E-001  0.256992E-002  0.000000E+000  0.000000E+000  0.000000E+000  0.000000E+000 -0.525430E-001 -0.256992E-002  0.000000E+000  0.000000E+000  0.000000E+000  0.000000E+000  0.000000E+000  0.000000E+000  0.000000E+000  0.000000E+000  0.000000E+000  0.000000E+000  0.000000E+000  0.000000E+000  0.000000E+000  0.000000E+000  0.000000E+000  0.000000E+000  0.000000E+000  0.000000E+000  0.000000E+000  0.000000E+000  0.000000E+000  0.000000E+000
    35.000  0.000000E+000  0.000000E+000 -0.534530E-001  0.251171E-002  0.000000E+000  0.000000E+000  0.000000E+000  0.000000E+000 -0.534530E-001 -0.251171E-002  0.000000E+000  0.000000E+000  0.000000E+000  0.000000E+000  0.000000E+000  0.000000E+000  0.000000E+000  0.000000E+000  0.000000E+000  0.000000E+000  0.000000E+000  0.000000E+000  0.000000E+000  0.000000E+000  0.000000E+000  0.000000E+000  0.000000E+000  0.000000E+000  0.000000E+000  0.000000E+000  0.000000E+000  0.000000E+000
    35.500  0.000000E+000  0.000000E+000 -0.543427E-001  0.245491E-002  0.000000E+000  0.000000E+000  0.000000E+000  0.000000E+000 -0.543427E-001 -0.245491E-002  0.000000E+000  0.000000E+000  0.000000E+000  0.000000E+000  0.000000E+000  0.000000E+000  0.000000E+000  0.000000E+000  0.000000E+000  0.000000E+000  0.000000E+000  0.000000E+000  0.000000E+000  0.000000E+000  0.000000E+000  0.000000E+000  0.000000E+000  0.000000E+000  0.000000E+000  0.000000E+000  0.000000E+000  0.000000E+000
    36.000  0.000000E+000  0.000000E+000 -0.552126E-001  0.239940E-002  0.000000E+000  0.000000E+000  0.000000E+000  0.000000E+000 -0.552126E-001 -0.239940E-002  0.000000E+000  0.000000E+000  0.000000E+000  0.000000E+000  0.000000E+000  0.000000E+000  0.000000E+000  0.000000E+000  0.000000E+000  0.000000E+000  0.000000E+000  0.000000E+000  0.000000E+000  0.000000E+000  0.000000E+000  0.000000E+000  0.000000E+000  0.000000E+000  0.000000E+000  0.000000E+000  0.000000E+000  0.000000E+000
    36.500  0.000000E+000  0.000000E+000 -0.560630E-001  0.234511E-002  0.000000E+000  0.000000E+000  0.000000E+000  0.000000E+000 -0.560630E-001 -0.234511E-002  0.000000E+000  0.000000E+000  0.000000E+000  0.000000E+000  0.000000E+000  0.000000E+000  0.000000E+000  0.000000E+000  0.000000E+000  0.000000E+000  0.000000E+000  0.000000E+000  0.000000E+000  0.000000E+000  0.000000E+000  0.000000E+000  0.000000E+000  0.000000E+000  0.000000E+000  0.000000E+000  0.000000E+000  0.000000E+000
    37.000  0.000000E+000  0.000000E+000 -0.568944E-001  0.229200E-002  0.000000E+000  0.000000E+000  0.000000E+000  0.000000E+000 -0.568944E-001 -0.229200E-002  0.000000E+000  0.000000E+000  0.000000E+000  0.000000E+000  0.000000E+000  0.000000E+000  0.000000E+000  0.000000E+000  0.000000E+000  0.000000E+000  0.000000E+000  0.000000E+000  0.000000E+000  0.000000E+000  0.000000E+000  0.000000E+000  0.000000E+000  0.000000E+000  0.000000E+000  0.000000E+000  0.000000E+000  0.000000E+000
    37.500  0.000000E+000  0.000000E+000 -0.577073E-001  0.224005E-002  0.000000E+000  0.000000E+000  0.000000E+000  0.000000E+000 -0.577073E-001 -0.224005E-002  0.000000E+000  0.000000E+000  0.000000E+000  0.000000E+000  0.000000E+000  0.000000E+000  0.000000E+000  0.000000E+000  0.000000E+000  0.000000E+000  0.000000E+000  0.000000E+000  0.000000E+000  0.000000E+000  0.000000E+000  0.000000E+000  0.000000E+000  0.000000E+000  0.000000E+000  0.000000E+000  0.000000E+000  0.000000E+000
    38.000  0.000000E+000  0.000000E+000 -0.585020E-001  0.218928E-002  0.000000E+000  0.000000E+000  0.000000E+000  0.000000E+000 -0.585020E-001 -0.218928E-002  0.000000E+000  0.000000E+000  0.000000E+000  0.000000E+000  0.000000E+000  0.000000E+000  0.000000E+000  0.000000E+000  0.000000E+000  0.000000E+000  0.000000E+000  0.000000E+000  0.000000E+000  0.000000E+000  0.000000E+000  0.000000E+000  0.000000E+000  0.000000E+000  0.000000E+000  0.000000E+000  0.000000E+000  0.000000E+000
    38.500  0.000000E+000  0.000000E+000 -0.592791E-001  0.213968E-002  0.000000E+000  0.000000E+000  0.000000E+000  0.000000E+000 -0.592791E-001 -0.213968E-002  0.000000E+000  0.000000E+000  0.000000E+000  0.000000E+000  0.000000E+000  0.000000E+000  0.000000E+000  0.000000E+000  0.000000E+000  0.000000E+000  0.000000E+000  0.000000E+000  0.000000E+000  0.000000E+000  0.000000E+000  0.000000E+000  0.000000E+000  0.000000E+000  0.000000E+000  0.000000E+000  0.000000E+000  0.000000E+000
    39.000  0.000000E+000  0.000000E+000 -0.600388E-001  0.209124E-002  0.000000E+000  0.000000E+000  0.000000E+000  0.000000E+000 -0.600388E-001 -0.209124E-002  0.000000E+000  0.000000E+000  0.000000E+000  0.000000E+000  0.000000E+000  0.000000E+000  0.000000E+000  0.000000E+000  0.000000E+000  0.000000E+000  0.000000E+000  0.000000E+000  0.000000E+000  0.000000E+000  0.000000E+000  0.000000E+000  0.000000E+000  0.000000E+000  0.000000E+000  0.000000E+000  0.000000E+000  0.000000E+000
    39.500  0.000000E+000  0.000000E+000 -0.607815E-001  0.204393E-002  0.000000E+000  0.000000E+000  0.000000E+000  0.000000E+000 -0.607815E-001 -0.204393E-002  0.000000E+000  0.000000E+000  0.000000E+000  0.000000E+000  0.000000E+000  0.000000E+000  0.000000E+000  0.000000E+000  0.000000E+000  0.000000E+000  0.000000E+000  0.000000E+000  0.000000E+000  0.000000E+000  0.000000E+000  0.000000E+000  0.000000E+000  0.000000E+000  0.000000E+000  0.000000E+000  0.000000E+000  0.000000E+000
    40.000  0.000000E+000  0.000000E+000 -0.615075E-001  0.199772E-002  0.000000E+000  0.000000E+000  0.000000E+000  0.000000E+000 -0.615075E-001 -0.199772E-002  0.000000E+000  0.000000E+000  0.000000E+000  0.000000E+000  0.000000E+000  0.000000E+000  0.000000E+000  0.000000E+000  0.000000E+000  0.000000E+000  0.000000E+000  0.000000E+000  0.000000E+000  0.000000E+000  0.000000E+000  0.000000E+000  0.000000E+000  0.000000E+000  0.000000E+000  0.000000E+000  0.000000E+000  0.000000E+000
    40.500  0.000000E+000  0.000000E+000 -0.622173E-001  0.195255E-002  0.000000E+000  0.000000E+000  0.000000E+000  0.000000E+000 -0.622173E-001 -0.195255E-002  0.000000E+000  0.000000E+000  0.000000E+000  0.000000E+000  0.000000E+000  0.000000E+000  0.000000E+000  0.000000E+000  0.000000E+000  0.000000E+000  0.000000E+000  0.000000E+000  0.000000E+000  0.000000E+000  0.000000E+000  0.000000E+000  0.000000E+000  0.000000E+000  0.000000E+000  0.000000E+000  0.000000E+000  0.000000E+000
    41.000  0.000000E+000  0.000000E+000 -0.629112E-001  0.190840E-002  0.000000E+000  0.000000E+000  0.000000E+000  0.000000E+000 -0.629112E-001 -0.190840E-002  0.000000E+000  0.000000E+000  0.000000E+000  0.000000E+000  0.000000E+000  0.000000E+000  0.000000E+000  0.000000E+000  0.000000E+000  0.000000E+000  0.000000E+000  0.000000E+000  0.000000E+000  0.000000E+000  0.000000E+000  0.000000E+000  0.000000E+000  0.000000E+000  0.000000E+000  0.000000E+000  0.000000E+000  0.000000E+000
    41.500  0.000000E+000  0.000000E+000 -0.635895E-001  0.186525E-002  0.000000E+000  0.000000E+000  0.000000E+000  0.000000E+000 -0.635895E-001 -0.186525E-002  0.000000E+000  0.000000E+000  0.000000E+000  0.000000E+000  0.000000E+000  0.000000E+000  0.000000E+000  0.000000E+000  0.000000E+000  0.000000E+000  0.000000E+000  0.000000E+000  0.000000E+000  0.000000E+000  0.000000E+000  0.000000E+000  0.000000E+000  0.000000E+000  0.000000E+000  0.000000E+000  0.000000E+000  0.000000E+000
    42.000  0.000000E+000  0.000000E+000 -0.642526E-001  0.182306E-002  0.000000E+000  0.000000E+000  0.000000E+000  0.000000E+000 -0.642526E-001 -0.182306E-002  0.000000E+000  0.000000E+000  0.000000E+000  0.000000E+000  0.000000E+000  0.000000E+000  0.000000E+000  0.000000E+000  0.000000E+000  0.000000E+000  0.000000E+000  0.000000E+000  0.000000E+000  0.000000E+000  0.000000E+000  0.000000E+000  0.000000E+000  0.000000E+000  0.000000E+000  0.000000E+000  0.000000E+000  0.000000E+000
    42.500  0.000000E+000  0.000000E+000 -0.649008E-001  0.178184E-002  0.000000E+000  0.000000E+000  0.000000E+000  0.000000E+000 -0.649008E-001 -0.178184E-002  0.000000E+000  0.000000E+000  0.000000E+000  0.000000E+000  0.000000E+000  0.000000E+000  0.000000E+000  0.000000E+000  0.000000E+000  0.000000E+000  0.000000E+000  0.000000E+000  0.000000E+000  0.000000E+000  0.000000E+000  0.000000E+000  0.000000E+000  0.000000E+000  0.000000E+000  0.000000E+000  0.000000E+000  0.000000E+000
    43.000  0.000000E+000  0.000000E+000 -0.655345E-001  0.174155E-002  0.000000E+000  0.000000E+000  0.000000E+000  0.000000E+000 -0.655345E-001 -0.174155E-002  0.000000E+000  0.000000E+000  0.000000E+000  0.000000E+000  0.000000E+000  0.000000E+000  0.000000E+000  0.000000E+000  0.000000E+000  0.000000E+000  0.000000E+000  0.000000E+000  0.000000E+000  0.000000E+000  0.000000E+000  0.000000E+000  0.000000E+000  0.000000E+000  0.000000E+000  0.000000E+000  0.000000E+000  0.000000E+000
    43.500  0.000000E+000  0.000000E+000 -0.661540E-001  0.170218E-002  0.000000E+000  0.000000E+000  0.000000E+000  0.000000E+000 -0.661540E-001 -0.170218E-002  0.000000E+000  0.000000E+000  0.000000E+000  0.000000E+000  0.000000E+000  0.000000E+000  0.000000E+000  0.000000E+000  0.000000E+000  0.000000E+000  0.000000E+000  0.000000E+000  0.000000E+000  0.000000E+000  0.000000E+000  0.000000E+000  0.000000E+000  0.000000E+000  0.000000E+000  0.000000E+000  0.000000E+000  0.000000E+000
    44.000  0.000000E+000  0.000000E+000 -0.667596E-001  0.166371E-002  0.000000E+000  0.000000E+000  0.000000E+000  0.000000E+000 -0.667596E-001 -0.166371E-002  0.000000E+000  0.000000E+000  0.000000E+000  0.000000E+000  0.000000E+000  0.000000E+000  0.000000E+000  0.000000E+000  0.000000E+000  0.000000E+000  0.000000E+000  0.000000E+000  0.000000E+000  0.000000E+000  0.000000E+000  0.000000E+000  0.000000E+000  0.000000E+000  0.000000E+000  0.000000E+000  0.000000E+000  0.000000E+000
    44.500  0.000000E+000  0.000000E+000 -0.673516E-001  0.162612E-002  0.000000E+000  0.000000E+000  0.000000E+000  0.000000E+000 -0.673516E-001 -0.162612E-002  0.000000E+000  0.000000E+000  0.000000E+000  0.000000E+000  0.000000E+000  0.000000E+000  0.000000E+000  0.000000E+000  0.000000E+000  0.000000E+000  0.000000E+000  0.000000E+000  0.000000E+000  0.000000E+000  0.000000E+000  0.000000E+000  0.000000E+000  0.000000E+000  0.000000E+000  0.000000E+000  0.000000E+000  0.000000E+000
    45.000  0.000000E+000  0.000000E+000 -0.679302E-001  0.158937E-002  0.000000E+000  0.000000E+000  0.000000E+000  0.000000E+000 -0.679302E-001 -0.158937E-002  0.000000E+000  0.000000E+000  0.000000E+000  0.000000E+000  0.000000E+000  0.000000E+000  0.000000E+000  0.000000E+000  0.000000E+000  0.000000E+000  0.000000E+000  0.000000E+000  0.000000E+000  0.000000E+000  0.000000E+000  0.000000E+000  0.000000E+000  0.000000E+000  0.000000E+000  0.000000E+000  0.000000E+000  0.000000E+000
    45.500  0.000000E+000  0.000000E+000 -0.684959E-001  0.155346E-002  0.000000E+000  0.000000E+000  0.000000E+000  0.000000E+000 -0.684959E-001 -0.155346E-002  0.000000E+000  0.000000E+000  0.000000E+000  0.000000E+000  0.000000E+000  0.000000E+000  0.000000E+000  0.000000E+000  0.000000E+000  0.000000E+000  0.000000E+000  0.000000E+000  0.000000E+000  0.000000E+000  0.000000E+000  0.000000E+000  0.000000E+000  0.000000E+000  0.000000E+000  0.000000E+000  0.000000E+000  0.000000E+000
    46.000  0.000000E+000  0.000000E+000 -0.690488E-001  0.151837E-002  0.000000E+000  0.000000E+000  0.000000E+000  0.000000E+000 -0.690488E-001 -0.151837E-002  0.000000E+000  0.000000E+000  0.000000E+000  0.000000E+000  0.000000E+000  0.000000E+000  0.000000E+000  0.000000E+000  0.000000E+000  0.000000E+000  0.000000E+000  0.000000E+000  0.000000E+000  0.000000E+000  0.000000E+000  0.000000E+000  0.000000E+000  0.000000E+000  0.000000E+000  0.000000E+000  0.000000E+000  0.000000E+000
    46.500  0.000000E+000  0.000000E+000 -0.695893E-001  0.148406E-002  0.000000E+000  0.000000E+000  0.000000E+000  0.000000E+000 -0.695893E-001 -0.148406E-002  0.000000E+000  0.000000E+000  0.000000E+000  0.000000E+000  0.000000E+000  0.000000E+000  0.000000E+000  0.000000E+000  0.000000E+000  0.000000E+000  0.000000E+000  0.000000E+000  0.000000E+000  0.000000E+000  0.000000E+000  0.000000E+000  0.000000E+000  0.000000E+000  0.000000E+000  0.000000E+000  0.000000E+000  0.000000E+000
    47.000  0.000000E+000  0.000000E+000 -0.701177E-001  0.145053E-002  0.000000E+000  0.000000E+000  0.000000E+000  0.000000E+000 -0.701177E-001 -0.145053E-002  0.000000E+000  0.000000E+000  0.000000E+000  0.000000E+000  0.000000E+000  0.000000E+000  0.000000E+000  0.000000E+000  0.000000E+000  0.000000E+000  0.000000E+000  0.000000E+000  0.000000E+000  0.000000E+000  0.000000E+000  0.000000E+000  0.000000E+000  0.000000E+000  0.000000E+000  0.000000E+000  0.000000E+000  0.000000E+000
    47.500  0.000000E+000  0.000000E+000 -0.706341E-001  0.141777E-002  0.000000E+000  0.000000E+000  0.000000E+000  0.000000E+000 -0.706341E-001 -0.141777E-002  0.000000E+000  0.000000E+000  0.000000E+000  0.000000E+000  0.000000E+000  0.000000E+000  0.000000E+000  0.000000E+000  0.000000E+000  0.000000E+000  0.000000E+000  0.000000E+000  0.000000E+000  0.000000E+000  0.000000E+000  0.000000E+000  0.000000E+000  0.000000E+000  0.000000E+000  0.000000E+000  0.000000E+000  0.000000E+000
    48.000  0.000000E+000  0.000000E+000 -0.711390E-001  0.138574E-002  0.000000E+000  0.000000E+000  0.000000E+000  0.000000E+000 -0.711390E-001 -0.138574E-002  0.000000E+000  0.000000E+000  0.000000E+000  0.000000E+000  0.000000E+000  0.000000E+000  0.000000E+000  0.000000E+000  0.000000E+000  0.000000E+000  0.000000E+000  0.000000E+000  0.000000E+000  0.000000E+000  0.000000E+000  0.000000E+000  0.000000E+000  0.000000E+000  0.000000E+000  0.000000E+000  0.000000E+000  0.000000E+000
    48.500  0.000000E+000  0.000000E+000 -0.716325E-001  0.135444E-002  0.000000E+000  0.000000E+000  0.000000E+000  0.000000E+000 -0.716325E-001 -0.135444E-002  0.000000E+000  0.000000E+000  0.000000E+000  0.000000E+000  0.000000E+000  0.000000E+000  0.000000E+000  0.000000E+000  0.000000E+000  0.000000E+000  0.000000E+000  0.000000E+000  0.000000E+000  0.000000E+000  0.000000E+000  0.000000E+000  0.000000E+000  0.000000E+000  0.000000E+000  0.000000E+000  0.000000E+000  0.000000E+000
    49.000  0.000000E+000  0.000000E+000 -0.721149E-001  0.132385E-002  0.000000E+000  0.000000E+000  0.000000E+000  0.000000E+000 -0.721149E-001 -0.132385E-002  0.000000E+000  0.000000E+000  0.000000E+000  0.000000E+000  0.000000E+000  0.000000E+000  0.000000E+000  0.000000E+000  0.000000E+000  0.000000E+000  0.000000E+000  0.000000E+000  0.000000E+000  0.000000E+000  0.000000E+000  0.000000E+000  0.000000E+000  0.000000E+000  0.000000E+000  0.000000E+000  0.000000E+000  0.000000E+000
    49.500  0.000000E+000  0.000000E+000 -0.725864E-001  0.129395E-002  0.000000E+000  0.000000E+000  0.000000E+000  0.000000E+000 -0.725864E-001 -0.129395E-002  0.000000E+000  0.000000E+000  0.000000E+000  0.000000E+000  0.000000E+000  0.000000E+000  0.000000E+000  0.000000E+000  0.000000E+000  0.000000E+000  0.000000E+000  0.000000E+000  0.000000E+000  0.000000E+000  0.000000E+000  0.000000E+000  0.000000E+000  0.000000E+000  0.000000E+000  0.000000E+000  0.000000E+000  0.000000E+000
    50.000  0.000000E+000  0.000000E+000 -0.730473E-001  0.126473E-002  0.000000E+000  0.000000E+000  0.000000E+000  0.000000E+000 -0.730473E-001 -0.126473E-002  0.000000E+000  0.000000E+000  0.000000E+000  0.000000E+000  0.000000E+000  0.000000E+000  0.000000E+000  0.000000E+000  0.000000E+000  0.000000E+000  0.000000E+000  0.000000E+000  0.000000E+000  0.000000E+000  0.000000E+000  0.000000E+000  0.000000E+000  0.000000E+000  0.000000E+000  0.000000E+000  0.000000E+000  0.000000E+000
    50.500  0.000000E+000  0.000000E+000 -0.734978E-001  0.123617E-002  0.000000E+000  0.000000E+000  0.000000E+000  0.000000E+000 -0.734978E-001 -0.123617E-002  0.000000E+000  0.000000E+000  0.000000E+000  0.000000E+000  0.000000E+000  0.000000E+000  0.000000E+000  0.000000E+000  0.000000E+000  0.000000E+000  0.000000E+000  0.000000E+000  0.000000E+000  0.000000E+000  0.000000E+000  0.000000E+000  0.000000E+000  0.000000E+000  0.000000E+000  0.000000E+000  0.000000E+000  0.000000E+000
    51.000  0.000000E+000  0.000000E+000 -0.739382E-001  0.120826E-002  0.000000E+000  0.000000E+000  0.000000E+000  0.000000E+000 -0.739382E-001 -0.120826E-002  0.000000E+000  0.000000E+000  0.000000E+000  0.000000E+000  0.000000E+000  0.000000E+000  0.000000E+000  0.000000E+000  0.000000E+000  0.000000E+000  0.000000E+000  0.000000E+000  0.000000E+000  0.000000E+000  0.000000E+000  0.000000E+000  0.000000E+000  0.000000E+000  0.000000E+000  0.000000E+000  0.000000E+000  0.000000E+000
    51.500  0.000000E+000  0.000000E+000 -0.743686E-001  0.118097E-002  0.000000E+000  0.000000E+000  0.000000E+000  0.000000E+000 -0.743686E-001 -0.118097E-002  0.000000E+000  0.000000E+000  0.000000E+000  0.000000E+000  0.000000E+000  0.000000E+000  0.000000E+000  0.000000E+000  0.000000E+000  0.000000E+000  0.000000E+000  0.000000E+000  0.000000E+000  0.000000E+000  0.000000E+000  0.000000E+000  0.000000E+000  0.000000E+000  0.000000E+000  0.000000E+000  0.000000E+000  0.000000E+000
    52.000  0.000000E+000  0.000000E+000 -0.747894E-001  0.115431E-002  0.000000E+000  0.000000E+000  0.000000E+000  0.000000E+000 -0.747894E-001 -0.115431E-002  0.000000E+000  0.000000E+000  0.000000E+000  0.000000E+000  0.000000E+000  0.000000E+000  0.000000E+000  0.000000E+000  0.000000E+000  0.000000E+000  0.000000E+000  0.000000E+000  0.000000E+000  0.000000E+000  0.000000E+000  0.000000E+000  0.000000E+000  0.000000E+000  0.000000E+000  0.000000E+000  0.000000E+000  0.000000E+000
    52.500  0.000000E+000  0.000000E+000 -0.752007E-001  0.112825E-002  0.000000E+000  0.000000E+000  0.000000E+000  0.000000E+000 -0.752007E-001 -0.112825E-002  0.000000E+000  0.000000E+000  0.000000E+000  0.000000E+000  0.000000E+000  0.000000E+000  0.000000E+000  0.000000E+000  0.000000E+000  0.000000E+000  0.000000E+000  0.000000E+000  0.000000E+000  0.000000E+000  0.000000E+000  0.000000E+000  0.000000E+000  0.000000E+000  0.000000E+000  0.000000E+000  0.000000E+000  0.000000E+000
    53.000  0.000000E+000  0.000000E+000 -0.756027E-001  0.110277E-002  0.000000E+000  0.000000E+000  0.000000E+000  0.000000E+000 -0.756027E-001 -0.110277E-002  0.000000E+000  0.000000E+000  0.000000E+000  0.000000E+000  0.000000E+000  0.000000E+000  0.000000E+000  0.000000E+000  0.000000E+000  0.000000E+000  0.000000E+000  0.000000E+000  0.000000E+000  0.000000E+000  0.000000E+000  0.000000E+000  0.000000E+000  0.000000E+000  0.000000E+000  0.000000E+000  0.000000E+000  0.000000E+000
    53.500  0.000000E+000  0.000000E+000 -0.759957E-001  0.107787E-002  0.000000E+000  0.000000E+000  0.000000E+000  0.000000E+000 -0.759957E-001 -0.107787E-002  0.000000E+000  0.000000E+000  0.000000E+000  0.000000E+000  0.000000E+000  0.000000E+000  0.000000E+000  0.000000E+000  0.000000E+000  0.000000E+000  0.000000E+000  0.000000E+000  0.000000E+000  0.000000E+000  0.000000E+000  0.000000E+000  0.000000E+000  0.000000E+000  0.000000E+000  0.000000E+000  0.000000E+000  0.000000E+000
    54.000  0.000000E+000  0.000000E+000 -0.763798E-001  0.105354E-002  0.000000E+000  0.000000E+000  0.000000E+000  0.000000E+000 -0.763798E-001 -0.105354E-002  0.000000E+000  0.000000E+000  0.000000E+000  0.000000E+000  0.000000E+000  0.000000E+000  0.000000E+000  0.000000E+000  0.000000E+000  0.000000E+000  0.000000E+000  0.000000E+000  0.000000E+000  0.000000E+000  0.000000E+000  0.000000E+000  0.000000E+000  0.000000E+000  0.000000E+000  0.000000E+000  0.000000E+000  0.000000E+000
    54.500  0.000000E+000  0.000000E+000 -0.767552E-001  0.102975E-002  0.000000E+000  0.000000E+000  0.000000E+000  0.000000E+000 -0.767552E-001 -0.102975E-002  0.000000E+000  0.000000E+000  0.000000E+000  0.000000E+000  0.000000E+000  0.000000E+000  0.000000E+000  0.000000E+000  0.000000E+000  0.000000E+000  0.000000E+000  0.000000E+000  0.000000E+000  0.000000E+000  0.000000E+000  0.000000E+000  0.000000E+000  0.000000E+000  0.000000E+000  0.000000E+000  0.000000E+000  0.000000E+000
    55.000  0.000000E+000  0.000000E+000 -0.771222E-001  0.100651E-002  0.000000E+000  0.000000E+000  0.000000E+000  0.000000E+000 -0.771222E-001 -0.100651E-002  0.000000E+000  0.000000E+000  0.000000E+000  0.000000E+000  0.000000E+000  0.000000E+000  0.000000E+000  0.000000E+000  0.000000E+000  0.000000E+000  0.000000E+000  0.000000E+000  0.000000E+000  0.000000E+000  0.000000E+000  0.000000E+000  0.000000E+000  0.000000E+000  0.000000E+000  0.000000E+000  0.000000E+000  0.000000E+000
    55.500  0.000000E+000  0.000000E+000 -0.774809E-001  0.983785E-003  0.000000E+000  0.000000E+000  0.000000E+000  0.000000E+000 -0.774809E-001 -0.983785E-003  0.000000E+000  0.000000E+000  0.000000E+000  0.000000E+000  0.000000E+000  0.000000E+000  0.000000E+000  0.000000E+000  0.000000E+000  0.000000E+000  0.000000E+000  0.000000E+000  0.000000E+000  0.000000E+000  0.000000E+000  0.000000E+000  0.000000E+000  0.000000E+000  0.000000E+000  0.000000E+000  0.000000E+000  0.000000E+000
    56.000  0.000000E+000  0.000000E+000 -0.778315E-001  0.961576E-003  0.000000E+000  0.000000E+000  0.000000E+000  0.000000E+000 -0.778315E-001 -0.961576E-003  0.000000E+000  0.000000E+000  0.000000E+000  0.000000E+000  0.000000E+000  0.000000E+000  0.000000E+000  0.000000E+000  0.000000E+000  0.000000E+000  0.000000E+000  0.000000E+000  0.000000E+000  0.000000E+000  0.000000E+000  0.000000E+000  0.000000E+000  0.000000E+000  0.000000E+000  0.000000E+000  0.000000E+000  0.000000E+000
    56.500  0.000000E+000  0.000000E+000 -0.781743E-001  0.939869E-003  0.000000E+000  0.000000E+000  0.000000E+000  0.000000E+000 -0.781743E-001 -0.939869E-003  0.000000E+000  0.000000E+000  0.000000E+000  0.000000E+000  0.000000E+000  0.000000E+000  0.000000E+000  0.000000E+000  0.000000E+000  0.000000E+000  0.000000E+000  0.000000E+000  0.000000E+000  0.000000E+000  0.000000E+000  0.000000E+000  0.000000E+000  0.000000E+000  0.000000E+000  0.000000E+000  0.000000E+000  0.000000E+000
    57.000  0.000000E+000  0.000000E+000 -0.785093E-001  0.918653E-003  0.000000E+000  0.000000E+000  0.000000E+000  0.000000E+000 -0.785093E-001 -0.918653E-003  0.000000E+000  0.000000E+000  0.000000E+000  0.000000E+000  0.000000E+000  0.000000E+000  0.000000E+000  0.000000E+000  0.000000E+000  0.000000E+000  0.000000E+000  0.000000E+000  0.000000E+000  0.000000E+000  0.000000E+000  0.000000E+000  0.000000E+000  0.000000E+000  0.000000E+000  0.000000E+000  0.000000E+000  0.000000E+000
    57.500  0.000000E+000  0.000000E+000 -0.788367E-001  0.897916E-003  0.000000E+000  0.000000E+000  0.000000E+000  0.000000E+000 -0.788367E-001 -0.897916E-003  0.000000E+000  0.000000E+000  0.000000E+000  0.000000E+000  0.000000E+000  0.000000E+000  0.000000E+000  0.000000E+000  0.000000E+000  0.000000E+000  0.000000E+000  0.000000E+000  0.000000E+000  0.000000E+000  0.000000E+000  0.000000E+000  0.000000E+000  0.000000E+000  0.000000E+000  0.000000E+000  0.000000E+000  0.000000E+000
    58.000  0.000000E+000  0.000000E+000 -0.791568E-001  0.877647E-003  0.000000E+000  0.000000E+000  0.000000E+000  0.000000E+000 -0.791568E-001 -0.877647E-003  0.000000E+000  0.000000E+000  0.000000E+000  0.000000E+000  0.000000E+000  0.000000E+000  0.000000E+000  0.000000E+000  0.000000E+000  0.000000E+000  0.000000E+000  0.000000E+000  0.000000E+000  0.000000E+000  0.000000E+000  0.000000E+000  0.000000E+000  0.000000E+000  0.000000E+000  0.000000E+000  0.000000E+000  0.000000E+000
    58.500  0.000000E+000  0.000000E+000 -0.794696E-001  0.857836E-003  0.000000E+000  0.000000E+000  0.000000E+000  0.000000E+000 -0.794696E-001 -0.857836E-003  0.000000E+000  0.000000E+000  0.000000E+000  0.000000E+000  0.000000E+000  0.000000E+000  0.000000E+000  0.000000E+000  0.000000E+000  0.000000E+000  0.000000E+000  0.000000E+000  0.000000E+000  0.000000E+000  0.000000E+000  0.000000E+000  0.000000E+000  0.000000E+000  0.000000E+000  0.000000E+000  0.000000E+000  0.000000E+000
    59.000  0.000000E+000  0.000000E+000 -0.797754E-001  0.838473E-003  0.000000E+000  0.000000E+000  0.000000E+000  0.000000E+000 -0.797754E-001 -0.838473E-003  0.000000E+000  0.000000E+000  0.000000E+000  0.000000E+000  0.000000E+000  0.000000E+000  0.000000E+000  0.000000E+000  0.000000E+000  0.000000E+000  0.000000E+000  0.000000E+000  0.000000E+000  0.000000E+000  0.000000E+000  0.000000E+000  0.000000E+000  0.000000E+000  0.000000E+000  0.000000E+000  0.000000E+000  0.000000E+000
    59.500  0.000000E+000  0.000000E+000 -0.800743E-001  0.819547E-003  0.000000E+000  0.000000E+000  0.000000E+000  0.000000E+000 -0.800743E-001 -0.819547E-003  0.000000E+000  0.000000E+000  0.000000E+000  0.000000E+000  0.000000E+000  0.000000E+000  0.000000E+000  0.000000E+000  0.000000E+000  0.000000E+000  0.000000E+000  0.000000E+000  0.000000E+000  0.000000E+000  0.000000E+000  0.000000E+000  0.000000E+000  0.000000E+000  0.000000E+000  0.000000E+000  0.000000E+000  0.000000E+000
    60.000  0.000000E+000  0.000000E+000 -0.803664E-001  0.801048E-003  0.000000E+000  0.000000E+000  0.000000E+000  0.000000E+000 -0.803664E-001 -0.801048E-003  0.000000E+000  0.000000E+000  0.000000E+000  0.000000E+000  0.000000E+000  0.000000E+000  0.000000E+000  0.000000E+000  0.000000E+000  0.000000E+000  0.000000E+000  0.000000E+000  0.000000E+000  0.000000E+000  0.000000E+000  0.000000E+000  0.000000E+000  0.000000E+000  0.000000E+000  0.000000E+000  0.000000E+000  0.000000E+000
    60.500  0.000000E+000  0.000000E+000 -0.806520E-001  0.782967E-003  0.000000E+000  0.000000E+000  0.000000E+000  0.000000E+000 -0.806520E-001 -0.782967E-003  0.000000E+000  0.000000E+000  0.000000E+000  0.000000E+000  0.000000E+000  0.000000E+000  0.000000E+000  0.000000E+000  0.000000E+000  0.000000E+000  0.000000E+000  0.000000E+000  0.000000E+000  0.000000E+000  0.000000E+000  0.000000E+000  0.000000E+000  0.000000E+000  0.000000E+000  0.000000E+000  0.000000E+000  0.000000E+000
    61.000  0.000000E+000  0.000000E+000 -0.809311E-001  0.765295E-003  0.000000E+000  0.000000E+000  0.000000E+000  0.000000E+000 -0.809311E-001 -0.765295E-003  0.000000E+000  0.000000E+000  0.000000E+000  0.000000E+000  0.000000E+000  0.000000E+000  0.000000E+000  0.000000E+000  0.000000E+000  0.000000E+000  0.000000E+000  0.000000E+000  0.000000E+000  0.000000E+000  0.000000E+000  0.000000E+000  0.000000E+000  0.000000E+000  0.000000E+000  0.000000E+000  0.000000E+000  0.000000E+000
    61.500  0.000000E+000  0.000000E+000 -0.812039E-001  0.748021E-003  0.000000E+000  0.000000E+000  0.000000E+000  0.000000E+000 -0.812039E-001 -0.748021E-003  0.000000E+000  0.000000E+000  0.000000E+000  0.000000E+000  0.000000E+000  0.000000E+000  0.000000E+000  0.000000E+000  0.000000E+000  0.000000E+000  0.000000E+000  0.000000E+000  0.000000E+000  0.000000E+000  0.000000E+000  0.000000E+000  0.000000E+000  0.000000E+000  0.000000E+000  0.000000E+000  0.000000E+000  0.000000E+000
    62.000  0.000000E+000  0.000000E+000 -0.814706E-001  0.731138E-003  0.000000E+000  0.000000E+000  0.000000E+000  0.000000E+000 -0.814706E-001 -0.731138E-003  0.000000E+000  0.000000E+000  0.000000E+000  0.000000E+000  0.000000E+000  0.000000E+000  0.000000E+000  0.000000E+000  0.000000E+000  0.000000E+000  0.000000E+000  0.000000E+000  0.000000E+000  0.000000E+000  0.000000E+000  0.000000E+000  0.000000E+000  0.000000E+000  0.000000E+000  0.000000E+000  0.000000E+000  0.000000E+000
    62.500  0.000000E+000  0.000000E+000 -0.817313E-001  0.714636E-003  0.000000E+000  0.000000E+000  0.000000E+000  0.000000E+000 -0.817313E-001 -0.714636E-003  0.000000E+000  0.000000E+000  0.000000E+000  0.000000E+000  0.000000E+000  0.000000E+000  0.000000E+000  0.000000E+000  0.000000E+000  0.000000E+000  0.000000E+000  0.000000E+000  0.000000E+000  0.000000E+000  0.000000E+000  0.000000E+000  0.000000E+000  0.000000E+000  0.000000E+000  0.000000E+000  0.000000E+000  0.000000E+000
    63.000  0.000000E+000  0.000000E+000 -0.819860E-001  0.698506E-003  0.000000E+000  0.000000E+000  0.000000E+000  0.000000E+000 -0.819860E-001 -0.698506E-003  0.000000E+000  0.000000E+000  0.000000E+000  0.000000E+000  0.000000E+000  0.000000E+000  0.000000E+000  0.000000E+000  0.000000E+000  0.000000E+000  0.000000E+000  0.000000E+000  0.000000E+000  0.000000E+000  0.000000E+000  0.000000E+000  0.000000E+000  0.000000E+000  0.000000E+000  0.000000E+000  0.000000E+000  0.000000E+000
    63.500  0.000000E+000  0.000000E+000 -0.822351E-001  0.682741E-003  0.000000E+000  0.000000E+000  0.000000E+000  0.000000E+000 -0.822351E-001 -0.682741E-003  0.000000E+000  0.000000E+000  0.000000E+000  0.000000E+000  0.000000E+000  0.000000E+000  0.000000E+000  0.000000E+000  0.000000E+000  0.000000E+000  0.000000E+000  0.000000E+000  0.000000E+000  0.000000E+000  0.000000E+000  0.000000E+000  0.000000E+000  0.000000E+000  0.000000E+000  0.000000E+000  0.000000E+000  0.000000E+000
    64.000  0.000000E+000  0.000000E+000 -0.824785E-001  0.667331E-003  0.000000E+000  0.000000E+000  0.000000E+000  0.000000E+000 -0.824785E-001 -0.667331E-003  0.000000E+000  0.000000E+000  0.000000E+000  0.000000E+000  0.000000E+000  0.000000E+000  0.000000E+000  0.000000E+000  0.000000E+000  0.000000E+000  0.000000E+000  0.000000E+000  0.000000E+000  0.000000E+000  0.000000E+000  0.000000E+000  0.000000E+000  0.000000E+000  0.000000E+000  0.000000E+000  0.000000E+000  0.000000E+000
    64.500  0.000000E+000  0.000000E+000 -0.827164E-001  0.652270E-003  0.000000E+000  0.000000E+000  0.000000E+000  0.000000E+000 -0.827164E-001 -0.652270E-003  0.000000E+000  0.000000E+000  0.000000E+000  0.000000E+000  0.000000E+000  0.000000E+000  0.000000E+000  0.000000E+000  0.000000E+000  0.000000E+000  0.000000E+000  0.000000E+000  0.000000E+000  0.000000E+000  0.000000E+000  0.000000E+000  0.000000E+000  0.000000E+000  0.000000E+000  0.000000E+000  0.000000E+000  0.000000E+000
    65.000  0.000000E+000  0.000000E+000 -0.829489E-001  0.637548E-003  0.000000E+000  0.000000E+000  0.000000E+000  0.000000E+000 -0.829489E-001 -0.637548E-003  0.000000E+000  0.000000E+000  0.000000E+000  0.000000E+000  0.000000E+000  0.000000E+000  0.000000E+000  0.000000E+000  0.000000E+000  0.000000E+000  0.000000E+000  0.000000E+000  0.000000E+000  0.000000E+000  0.000000E+000  0.000000E+000  0.000000E+000  0.000000E+000  0.000000E+000  0.000000E+000  0.000000E+000  0.000000E+000
    65.500  0.000000E+000  0.000000E+000 -0.831763E-001  0.623159E-003  0.000000E+000  0.000000E+000  0.000000E+000  0.000000E+000 -0.831763E-001 -0.623159E-003  0.000000E+000  0.000000E+000  0.000000E+000  0.000000E+000  0.000000E+000  0.000000E+000  0.000000E+000  0.000000E+000  0.000000E+000  0.000000E+000  0.000000E+000  0.000000E+000  0.000000E+000  0.000000E+000  0.000000E+000  0.000000E+000  0.000000E+000  0.000000E+000  0.000000E+000  0.000000E+000  0.000000E+000  0.000000E+000
    66.000  0.000000E+000  0.000000E+000 -0.833984E-001  0.609095E-003  0.000000E+000  0.000000E+000  0.000000E+000  0.000000E+000 -0.833984E-001 -0.609095E-003  0.000000E+000  0.000000E+000  0.000000E+000  0.000000E+000  0.000000E+000  0.000000E+000  0.000000E+000  0.000000E+000  0.000000E+000  0.000000E+000  0.000000E+000  0.000000E+000  0.000000E+000  0.000000E+000  0.000000E+000  0.000000E+000  0.000000E+000  0.000000E+000  0.000000E+000  0.000000E+000  0.000000E+000  0.000000E+000
    66.500  0.000000E+000  0.000000E+000 -0.836156E-001  0.595348E-003  0.000000E+000  0.000000E+000  0.000000E+000  0.000000E+000 -0.836156E-001 -0.595348E-003  0.000000E+000  0.000000E+000  0.000000E+000  0.000000E+000  0.000000E+000  0.000000E+000  0.000000E+000  0.000000E+000  0.000000E+000  0.000000E+000  0.000000E+000  0.000000E+000  0.000000E+000  0.000000E+000  0.000000E+000  0.000000E+000  0.000000E+000  0.000000E+000  0.000000E+000  0.000000E+000  0.000000E+000  0.000000E+000
    67.000  0.000000E+000  0.000000E+000 -0.838279E-001  0.581912E-003  0.000000E+000  0.000000E+000  0.000000E+000  0.000000E+000 -0.838279E-001 -0.581912E-003  0.000000E+000  0.000000E+000  0.000000E+000  0.000000E+000  0.000000E+000  0.000000E+000  0.000000E+000  0.000000E+000  0.000000E+000  0.000000E+000  0.000000E+000  0.000000E+000  0.000000E+000  0.000000E+000  0.000000E+000  0.000000E+000  0.000000E+000  0.000000E+000  0.000000E+000  0.000000E+000  0.000000E+000  0.000000E+000
    67.500  0.000000E+000  0.000000E+000 -0.840353E-001  0.568778E-003  0.000000E+000  0.000000E+000  0.000000E+000  0.000000E+000 -0.840353E-001 -0.568778E-003  0.000000E+000  0.000000E+000  0.000000E+000  0.000000E+000  0.000000E+000  0.000000E+000  0.000000E+000  0.000000E+000  0.000000E+000  0.000000E+000  0.000000E+000  0.000000E+000  0.000000E+000  0.000000E+000  0.000000E+000  0.000000E+000  0.000000E+000  0.000000E+000  0.000000E+000  0.000000E+000  0.000000E+000  0.000000E+000
    68.000  0.000000E+000  0.000000E+000 -0.842381E-001  0.555942E-003  0.000000E+000  0.000000E+000  0.000000E+000  0.000000E+000 -0.842381E-001 -0.555942E-003  0.000000E+000  0.000000E+000  0.000000E+000  0.000000E+000  0.000000E+000  0.000000E+000  0.000000E+000  0.000000E+000  0.000000E+000  0.000000E+000  0.000000E+000  0.000000E+000  0.000000E+000  0.000000E+000  0.000000E+000  0.000000E+000  0.000000E+000  0.000000E+000  0.000000E+000  0.000000E+000  0.000000E+000  0.000000E+000
    68.500  0.000000E+000  0.000000E+000 -0.844364E-001  0.543395E-003  0.000000E+000  0.000000E+000  0.000000E+000  0.000000E+000 -0.844364E-001 -0.543395E-003  0.000000E+000  0.000000E+000  0.000000E+000  0.000000E+000  0.000000E+000  0.000000E+000  0.000000E+000  0.000000E+000  0.000000E+000  0.000000E+000  0.000000E+000  0.000000E+000  0.000000E+000  0.000000E+000  0.000000E+000  0.000000E+000  0.000000E+000  0.000000E+000  0.000000E+000  0.000000E+000  0.000000E+000  0.000000E+000
    69.000  0.000000E+000  0.000000E+000 -0.846301E-001  0.531131E-003  0.000000E+000  0.000000E+000  0.000000E+000  0.000000E+000 -0.846301E-001 -0.531131E-003  0.000000E+000  0.000000E+000  0.000000E+000  0.000000E+000  0.000000E+000  0.000000E+000  0.000000E+000  0.000000E+000  0.000000E+000  0.000000E+000  0.000000E+000  0.000000E+000  0.000000E+000  0.000000E+000  0.000000E+000  0.000000E+000  0.000000E+000  0.000000E+000  0.000000E+000  0.000000E+000  0.000000E+000  0.000000E+000
    69.500  0.000000E+000  0.000000E+000 -0.848195E-001  0.519144E-003  0.000000E+000  0.000000E+000  0.000000E+000  0.000000E+000 -0.848195E-001 -0.519144E-003  0.000000E+000  0.000000E+000  0.000000E+000  0.000000E+000  0.000000E+000  0.000000E+000  0.000000E+000  0.000000E+000  0.000000E+000  0.000000E+000  0.000000E+000  0.000000E+000  0.000000E+000  0.000000E+000  0.000000E+000  0.000000E+000  0.000000E+000  0.000000E+000  0.000000E+000  0.000000E+000  0.000000E+000  0.000000E+000
    70.000  0.000000E+000  0.000000E+000 -0.850046E-001  0.507428E-003  0.000000E+000  0.000000E+000  0.000000E+000  0.000000E+000 -0.850046E-001 -0.507428E-003  0.000000E+000  0.000000E+000  0.000000E+000  0.000000E+000  0.000000E+000  0.000000E+000  0.000000E+000  0.000000E+000  0.000000E+000  0.000000E+000  0.000000E+000  0.000000E+000  0.000000E+000  0.000000E+000  0.000000E+000  0.000000E+000  0.000000E+000  0.000000E+000  0.000000E+000  0.000000E+000  0.000000E+000  0.000000E+000
    70.500  0.000000E+000  0.000000E+000 -0.851855E-001  0.495976E-003  0.000000E+000  0.000000E+000  0.000000E+000  0.000000E+000 -0.851855E-001 -0.495976E-003  0.000000E+000  0.000000E+000  0.000000E+000  0.000000E+000  0.000000E+000  0.000000E+000  0.000000E+000  0.000000E+000  0.000000E+000  0.000000E+000  0.000000E+000  0.000000E+000  0.000000E+000  0.000000E+000  0.000000E+000  0.000000E+000  0.000000E+000  0.000000E+000  0.000000E+000  0.000000E+000  0.000000E+000  0.000000E+000
    71.000  0.000000E+000  0.000000E+000 -0.853624E-001  0.484783E-003  0.000000E+000  0.000000E+000  0.000000E+000  0.000000E+000 -0.853624E-001 -0.484783E-003  0.000000E+000  0.000000E+000  0.000000E+000  0.000000E+000  0.000000E+000  0.000000E+000  0.000000E+000  0.000000E+000  0.000000E+000  0.000000E+000  0.000000E+000  0.000000E+000  0.000000E+000  0.000000E+000  0.000000E+000  0.000000E+000  0.000000E+000  0.000000E+000  0.000000E+000  0.000000E+000  0.000000E+000  0.000000E+000
    71.500  0.000000E+000  0.000000E+000 -0.855352E-001  0.473842E-003  0.000000E+000  0.000000E+000  0.000000E+000  0.000000E+000 -0.855352E-001 -0.473842E-003  0.000000E+000  0.000000E+000  0.000000E+000  0.000000E+000  0.000000E+000  0.000000E+000  0.000000E+000  0.000000E+000  0.000000E+000  0.000000E+000  0.000000E+000  0.000000E+000  0.000000E+000  0.000000E+000  0.000000E+000  0.000000E+000  0.000000E+000  0.000000E+000  0.000000E+000  0.000000E+000  0.000000E+000  0.000000E+000
    72.000  0.000000E+000  0.000000E+000 -0.857042E-001  0.463148E-003  0.000000E+000  0.000000E+000  0.000000E+000  0.000000E+000 -0.857042E-001 -0.463148E-003  0.000000E+000  0.000000E+000  0.000000E+000  0.000000E+000  0.000000E+000  0.000000E+000  0.000000E+000  0.000000E+000  0.000000E+000  0.000000E+000  0.000000E+000  0.000000E+000  0.000000E+000  0.000000E+000  0.000000E+000  0.000000E+000  0.000000E+000  0.000000E+000  0.000000E+000  0.000000E+000  0.000000E+000  0.000000E+000
    72.500  0.000000E+000  0.000000E+000 -0.858693E-001  0.452696E-003  0.000000E+000  0.000000E+000  0.000000E+000  0.000000E+000 -0.858693E-001 -0.452696E-003  0.000000E+000  0.000000E+000  0.000000E+000  0.000000E+000  0.000000E+000  0.000000E+000  0.000000E+000  0.000000E+000  0.000000E+000  0.000000E+000  0.000000E+000  0.000000E+000  0.000000E+000  0.000000E+000  0.000000E+000  0.000000E+000  0.000000E+000  0.000000E+000  0.000000E+000  0.000000E+000  0.000000E+000  0.000000E+000
    73.000  0.000000E+000  0.000000E+000 -0.860307E-001  0.442479E-003  0.000000E+000  0.000000E+000  0.000000E+000  0.000000E+000 -0.860307E-001 -0.442479E-003  0.000000E+000  0.000000E+000  0.000000E+000  0.000000E+000  0.000000E+000  0.000000E+000  0.000000E+000  0.000000E+000  0.000000E+000  0.000000E+000  0.000000E+000  0.000000E+000  0.000000E+000  0.000000E+000  0.000000E+000  0.000000E+000  0.000000E+000  0.000000E+000  0.000000E+000  0.000000E+000  0.000000E+000  0.000000E+000
    73.500  0.000000E+000  0.000000E+000 -0.861885E-001  0.432494E-003  0.000000E+000  0.000000E+000  0.000000E+000  0.000000E+000 -0.861885E-001 -0.432494E-003  0.000000E+000  0.000000E+000  0.000000E+000  0.000000E+000  0.000000E+000  0.000000E+000  0.000000E+000  0.000000E+000  0.000000E+000  0.000000E+000  0.000000E+000  0.000000E+000  0.000000E+000  0.000000E+000  0.000000E+000  0.000000E+000  0.000000E+000  0.000000E+000  0.000000E+000  0.000000E+000  0.000000E+000  0.000000E+000
    74.000  0.000000E+000  0.000000E+000 -0.863427E-001  0.422733E-003  0.000000E+000  0.000000E+000  0.000000E+000  0.000000E+000 -0.863427E-001 -0.422733E-003  0.000000E+000  0.000000E+000  0.000000E+000  0.000000E+000  0.000000E+000  0.000000E+000  0.000000E+000  0.000000E+000  0.000000E+000  0.000000E+000  0.000000E+000  0.000000E+000  0.000000E+000  0.000000E+000  0.000000E+000  0.000000E+000  0.000000E+000  0.000000E+000  0.000000E+000  0.000000E+000  0.000000E+000  0.000000E+000
    74.500  0.000000E+000  0.000000E+000 -0.864934E-001  0.413193E-003  0.000000E+000  0.000000E+000  0.000000E+000  0.000000E+000 -0.864934E-001 -0.413193E-003  0.000000E+000  0.000000E+000  0.000000E+000  0.000000E+000  0.000000E+000  0.000000E+000  0.000000E+000  0.000000E+000  0.000000E+000  0.000000E+000  0.000000E+000  0.000000E+000  0.000000E+000  0.000000E+000  0.000000E+000  0.000000E+000  0.000000E+000  0.000000E+000  0.000000E+000  0.000000E+000  0.000000E+000  0.000000E+000
    75.000  0.000000E+000  0.000000E+000 -0.866408E-001  0.403868E-003  0.000000E+000  0.000000E+000  0.000000E+000  0.000000E+000 -0.866408E-001 -0.403868E-003  0.000000E+000  0.000000E+000  0.000000E+000  0.000000E+000  0.000000E+000  0.000000E+000  0.000000E+000  0.000000E+000  0.000000E+000  0.000000E+000  0.000000E+000  0.000000E+000  0.000000E+000  0.000000E+000  0.000000E+000  0.000000E+000  0.000000E+000  0.000000E+000  0.000000E+000  0.000000E+000  0.000000E+000  0.000000E+000
    75.500  0.000000E+000  0.000000E+000 -0.867848E-001  0.394753E-003  0.000000E+000  0.000000E+000  0.000000E+000  0.000000E+000 -0.867848E-001 -0.394753E-003  0.000000E+000  0.000000E+000  0.000000E+000  0.000000E+000  0.000000E+000  0.000000E+000  0.000000E+000  0.000000E+000  0.000000E+000  0.000000E+000  0.000000E+000  0.000000E+000  0.000000E+000  0.000000E+000  0.000000E+000  0.000000E+000  0.000000E+000  0.000000E+000  0.000000E+000  0.000000E+000  0.000000E+000  0.000000E+000
    76.000  0.000000E+000  0.000000E+000 -0.869255E-001  0.385845E-003  0.000000E+000  0.000000E+000  0.000000E+000  0.000000E+000 -0.869255E-001 -0.385845E-003  0.000000E+000  0.000000E+000  0.000000E+000  0.000000E+000  0.000000E+000  0.000000E+000  0.000000E+000  0.000000E+000  0.000000E+000  0.000000E+000  0.000000E+000  0.000000E+000  0.000000E+000  0.000000E+000  0.000000E+000  0.000000E+000  0.000000E+000  0.000000E+000  0.000000E+000  0.000000E+000  0.000000E+000  0.000000E+000
    76.500  0.000000E+000  0.000000E+000 -0.870631E-001  0.377137E-003  0.000000E+000  0.000000E+000  0.000000E+000  0.000000E+000 -0.870631E-001 -0.377137E-003  0.000000E+000  0.000000E+000  0.000000E+000  0.000000E+000  0.000000E+000  0.000000E+000  0.000000E+000  0.000000E+000  0.000000E+000  0.000000E+000  0.000000E+000  0.000000E+000  0.000000E+000  0.000000E+000  0.000000E+000  0.000000E+000  0.000000E+000  0.000000E+000  0.000000E+000  0.000000E+000  0.000000E+000  0.000000E+000
    77.000  0.000000E+000  0.000000E+000 -0.871976E-001  0.368626E-003  0.000000E+000  0.000000E+000  0.000000E+000  0.000000E+000 -0.871976E-001 -0.368626E-003  0.000000E+000  0.000000E+000  0.000000E+000  0.000000E+000  0.000000E+000  0.000000E+000  0.000000E+000  0.000000E+000  0.000000E+000  0.000000E+000  0.000000E+000  0.000000E+000  0.000000E+000  0.000000E+000  0.000000E+000  0.000000E+000  0.000000E+000  0.000000E+000  0.000000E+000  0.000000E+000  0.000000E+000  0.000000E+000
    77.500  0.000000E+000  0.000000E+000 -0.873290E-001  0.360307E-003  0.000000E+000  0.000000E+000  0.000000E+000  0.000000E+000 -0.873290E-001 -0.360307E-003  0.000000E+000  0.000000E+000  0.000000E+000  0.000000E+000  0.000000E+000  0.000000E+000  0.000000E+000  0.000000E+000  0.000000E+000  0.000000E+000  0.000000E+000  0.000000E+000  0.000000E+000  0.000000E+000  0.000000E+000  0.000000E+000  0.000000E+000  0.000000E+000  0.000000E+000  0.000000E+000  0.000000E+000  0.000000E+000
    78.000  0.000000E+000  0.000000E+000 -0.874575E-001  0.352176E-003  0.000000E+000  0.000000E+000  0.000000E+000  0.000000E+000 -0.874575E-001 -0.352176E-003  0.000000E+000  0.000000E+000  0.000000E+000  0.000000E+000  0.000000E+000  0.000000E+000  0.000000E+000  0.000000E+000  0.000000E+000  0.000000E+000  0.000000E+000  0.000000E+000  0.000000E+000  0.000000E+000  0.000000E+000  0.000000E+000  0.000000E+000  0.000000E+000  0.000000E+000  0.000000E+000  0.000000E+000  0.000000E+000
    78.500  0.000000E+000  0.000000E+000 -0.875831E-001  0.344228E-003  0.000000E+000  0.000000E+000  0.000000E+000  0.000000E+000 -0.875831E-001 -0.344228E-003  0.000000E+000  0.000000E+000  0.000000E+000  0.000000E+000  0.000000E+000  0.000000E+000  0.000000E+000  0.000000E+000  0.000000E+000  0.000000E+000  0.000000E+000  0.000000E+000  0.000000E+000  0.000000E+000  0.000000E+000  0.000000E+000  0.000000E+000  0.000000E+000  0.000000E+000  0.000000E+000  0.000000E+000  0.000000E+000
    79.000  0.000000E+000  0.000000E+000 -0.877058E-001  0.336459E-003  0.000000E+000  0.000000E+000  0.000000E+000  0.000000E+000 -0.877058E-001 -0.336459E-003  0.000000E+000  0.000000E+000  0.000000E+000  0.000000E+000  0.000000E+000  0.000000E+000  0.000000E+000  0.000000E+000  0.000000E+000  0.000000E+000  0.000000E+000  0.000000E+000  0.000000E+000  0.000000E+000  0.000000E+000  0.000000E+000  0.000000E+000  0.000000E+000  0.000000E+000  0.000000E+000  0.000000E+000  0.000000E+000
    79.500  0.000000E+000  0.000000E+000 -0.878258E-001  0.328866E-003  0.000000E+000  0.000000E+000  0.000000E+000  0.000000E+000 -0.878258E-001 -0.328866E-003  0.000000E+000  0.000000E+000  0.000000E+000  0.000000E+000  0.000000E+000  0.000000E+000  0.000000E+000  0.000000E+000  0.000000E+000  0.000000E+000  0.000000E+000  0.000000E+000  0.000000E+000  0.000000E+000  0.000000E+000  0.000000E+000  0.000000E+000  0.000000E+000  0.000000E+000  0.000000E+000  0.000000E+000  0.000000E+000
    80.000  0.000000E+000  0.000000E+000 -0.879431E-001  0.321445E-003  0.000000E+000  0.000000E+000  0.000000E+000  0.000000E+000 -0.879431E-001 -0.321445E-003  0.000000E+000  0.000000E+000  0.000000E+000  0.000000E+000  0.000000E+000  0.000000E+000  0.000000E+000  0.000000E+000  0.000000E+000  0.000000E+000  0.000000E+000  0.000000E+000  0.000000E+000  0.000000E+000  0.000000E+000  0.000000E+000  0.000000E+000  0.000000E+000  0.000000E+000  0.000000E+000  0.000000E+000  0.000000E+000
    80.500  0.000000E+000  0.000000E+000 -0.880577E-001  0.314190E-003  0.000000E+000  0.000000E+000  0.000000E+000  0.000000E+000 -0.880577E-001 -0.314190E-003  0.000000E+000  0.000000E+000  0.000000E+000  0.000000E+000  0.000000E+000  0.000000E+000  0.000000E+000  0.000000E+000  0.000000E+000  0.000000E+000  0.000000E+000  0.000000E+000  0.000000E+000  0.000000E+000  0.000000E+000  0.000000E+000  0.000000E+000  0.000000E+000  0.000000E+000  0.000000E+000  0.000000E+000  0.000000E+000
    81.000  0.000000E+000  0.000000E+000 -0.881697E-001  0.307100E-003  0.000000E+000  0.000000E+000  0.000000E+000  0.000000E+000 -0.881697E-001 -0.307100E-003  0.000000E+000  0.000000E+000  0.000000E+000  0.000000E+000  0.000000E+000  0.000000E+000  0.000000E+000  0.000000E+000  0.000000E+000  0.000000E+000  0.000000E+000  0.000000E+000  0.000000E+000  0.000000E+000  0.000000E+000  0.000000E+000  0.000000E+000  0.000000E+000  0.000000E+000  0.000000E+000  0.000000E+000  0.000000E+000
    81.500  0.000000E+000  0.000000E+000 -0.882792E-001  0.300169E-003  0.000000E+000  0.000000E+000  0.000000E+000  0.000000E+000 -0.882792E-001 -0.300169E-003  0.000000E+000  0.000000E+000  0.000000E+000  0.000000E+000  0.000000E+000  0.000000E+000  0.000000E+000  0.000000E+000  0.000000E+000  0.000000E+000  0.000000E+000  0.000000E+000  0.000000E+000  0.000000E+000  0.000000E+000  0.000000E+000  0.000000E+000  0.000000E+000  0.000000E+000  0.000000E+000  0.000000E+000  0.000000E+000
    82.000  0.000000E+000  0.000000E+000 -0.883863E-001  0.293395E-003  0.000000E+000  0.000000E+000  0.000000E+000  0.000000E+000 -0.883863E-001 -0.293395E-003  0.000000E+000  0.000000E+000  0.000000E+000  0.000000E+000  0.000000E+000  0.000000E+000  0.000000E+000  0.000000E+000  0.000000E+000  0.000000E+000  0.000000E+000  0.000000E+000  0.000000E+000  0.000000E+000  0.000000E+000  0.000000E+000  0.000000E+000  0.000000E+000  0.000000E+000  0.000000E+000  0.000000E+000  0.000000E+000
    82.500  0.000000E+000  0.000000E+000 -0.884909E-001  0.286774E-003  0.000000E+000  0.000000E+000  0.000000E+000  0.000000E+000 -0.884909E-001 -0.286774E-003  0.000000E+000  0.000000E+000  0.000000E+000  0.000000E+000  0.000000E+000  0.000000E+000  0.000000E+000  0.000000E+000  0.000000E+000  0.000000E+000  0.000000E+000  0.000000E+000  0.000000E+000  0.000000E+000  0.000000E+000  0.000000E+000  0.000000E+000  0.000000E+000  0.000000E+000  0.000000E+000  0.000000E+000  0.000000E+000
    83.000  0.000000E+000  0.000000E+000 -0.885932E-001  0.280302E-003  0.000000E+000  0.000000E+000  0.000000E+000  0.000000E+000 -0.885932E-001 -0.280302E-003  0.000000E+000  0.000000E+000  0.000000E+000  0.000000E+000  0.000000E+000  0.000000E+000  0.000000E+000  0.000000E+000  0.000000E+000  0.000000E+000  0.000000E+000  0.000000E+000  0.000000E+000  0.000000E+000  0.000000E+000  0.000000E+000  0.000000E+000  0.000000E+000  0.000000E+000  0.000000E+000  0.000000E+000  0.000000E+000
    83.500  0.000000E+000  0.000000E+000 -0.886931E-001  0.273977E-003  0.000000E+000  0.000000E+000  0.000000E+000  0.000000E+000 -0.886931E-001 -0.273977E-003  0.000000E+000  0.000000E+000  0.000000E+000  0.000000E+000  0.000000E+000  0.000000E+000  0.000000E+000  0.000000E+000  0.000000E+000  0.000000E+000  0.000000E+000  0.000000E+000  0.000000E+000  0.000000E+000  0.000000E+000  0.000000E+000  0.000000E+000  0.000000E+000  0.000000E+000  0.000000E+000  0.000000E+000  0.000000E+000
    84.000  0.000000E+000  0.000000E+000 -0.887908E-001  0.267794E-003  0.000000E+000  0.000000E+000  0.000000E+000  0.000000E+000 -0.887908E-001 -0.267794E-003  0.000000E+000  0.000000E+000  0.000000E+000  0.000000E+000  0.000000E+000  0.000000E+000  0.000000E+000  0.000000E+000  0.000000E+000  0.000000E+000  0.000000E+000  0.000000E+000  0.000000E+000  0.000000E+000  0.000000E+000  0.000000E+000  0.000000E+000  0.000000E+000  0.000000E+000  0.000000E+000  0.000000E+000  0.000000E+000
    84.500  0.000000E+000  0.000000E+000 -0.888863E-001  0.261750E-003  0.000000E+000  0.000000E+000  0.000000E+000  0.000000E+000 -0.888863E-001 -0.261750E-003  0.000000E+000  0.000000E+000  0.000000E+000  0.000000E+000  0.000000E+000  0.000000E+000  0.000000E+000  0.000000E+000  0.000000E+000  0.000000E+000  0.000000E+000  0.000000E+000  0.000000E+000  0.000000E+000  0.000000E+000  0.000000E+000  0.000000E+000  0.000000E+000  0.000000E+000  0.000000E+000  0.000000E+000  0.000000E+000
    85.000  0.000000E+000  0.000000E+000 -0.889796E-001  0.255843E-003  0.000000E+000  0.000000E+000  0.000000E+000  0.000000E+000 -0.889796E-001 -0.255843E-003  0.000000E+000  0.000000E+000  0.000000E+000  0.000000E+000  0.000000E+000  0.000000E+000  0.000000E+000  0.000000E+000  0.000000E+000  0.000000E+000  0.000000E+000  0.000000E+000  0.000000E+000  0.000000E+000  0.000000E+000  0.000000E+000  0.000000E+000  0.000000E+000  0.000000E+000  0.000000E+000  0.000000E+000  0.000000E+000
    85.500  0.000000E+000  0.000000E+000 -0.890709E-001  0.250070E-003  0.000000E+000  0.000000E+000  0.000000E+000  0.000000E+000 -0.890709E-001 -0.250070E-003  0.000000E+000  0.000000E+000  0.000000E+000  0.000000E+000  0.000000E+000  0.000000E+000  0.000000E+000  0.000000E+000  0.000000E+000  0.000000E+000  0.000000E+000  0.000000E+000  0.000000E+000  0.000000E+000  0.000000E+000  0.000000E+000  0.000000E+000  0.000000E+000  0.000000E+000  0.000000E+000  0.000000E+000  0.000000E+000
    86.000  0.000000E+000  0.000000E+000 -0.891600E-001  0.244426E-003  0.000000E+000  0.000000E+000  0.000000E+000  0.000000E+000 -0.891600E-001 -0.244426E-003  0.000000E+000  0.000000E+000  0.000000E+000  0.000000E+000  0.000000E+000  0.000000E+000  0.000000E+000  0.000000E+000  0.000000E+000  0.000000E+000  0.000000E+000  0.000000E+000  0.000000E+000  0.000000E+000  0.000000E+000  0.000000E+000  0.000000E+000  0.000000E+000  0.000000E+000  0.000000E+000  0.000000E+000  0.000000E+000
    86.500  0.000000E+000  0.000000E+000 -0.892472E-001  0.238910E-003  0.000000E+000  0.000000E+000  0.000000E+000  0.000000E+000 -0.892472E-001 -0.238910E-003  0.000000E+000  0.000000E+000  0.000000E+000  0.000000E+000  0.000000E+000  0.000000E+000  0.000000E+000  0.000000E+000  0.000000E+000  0.000000E+000  0.000000E+000  0.000000E+000  0.000000E+000  0.000000E+000  0.000000E+000  0.000000E+000  0.000000E+000  0.000000E+000  0.000000E+000  0.000000E+000  0.000000E+000  0.000000E+000
    87.000  0.000000E+000  0.000000E+000 -0.893324E-001  0.233519E-003  0.000000E+000  0.000000E+000  0.000000E+000  0.000000E+000 -0.893324E-001 -0.233519E-003  0.000000E+000  0.000000E+000  0.000000E+000  0.000000E+000  0.000000E+000  0.000000E+000  0.000000E+000  0.000000E+000  0.000000E+000  0.000000E+000  0.000000E+000  0.000000E+000  0.000000E+000  0.000000E+000  0.000000E+000  0.000000E+000  0.000000E+000  0.000000E+000  0.000000E+000  0.000000E+000  0.000000E+000  0.000000E+000
    87.500  0.000000E+000  0.000000E+000 -0.894156E-001  0.228249E-003  0.000000E+000  0.000000E+000  0.000000E+000  0.000000E+000 -0.894156E-001 -0.228249E-003  0.000000E+000  0.000000E+000  0.000000E+000  0.000000E+000  0.000000E+000  0.000000E+000  0.000000E+000  0.000000E+000  0.000000E+000  0.000000E+000  0.000000E+000  0.000000E+000  0.000000E+000  0.000000E+000  0.000000E+000  0.000000E+000  0.000000E+000  0.000000E+000  0.000000E+000  0.000000E+000  0.000000E+000  0.000000E+000
    88.000  0.000000E+000  0.000000E+000 -0.894970E-001  0.223098E-003  0.000000E+000  0.000000E+000  0.000000E+000  0.000000E+000 -0.894970E-001 -0.223098E-003  0.000000E+000  0.000000E+000  0.000000E+000  0.000000E+000  0.000000E+000  0.000000E+000  0.000000E+000  0.000000E+000  0.000000E+000  0.000000E+000  0.000000E+000  0.000000E+000  0.000000E+000  0.000000E+000  0.000000E+000  0.000000E+000  0.000000E+000  0.000000E+000  0.000000E+000  0.000000E+000  0.000000E+000  0.000000E+000
    88.500  0.000000E+000  0.000000E+000 -0.895766E-001  0.218063E-003  0.000000E+000  0.000000E+000  0.000000E+000  0.000000E+000 -0.895766E-001 -0.218063E-003  0.000000E+000  0.000000E+000  0.000000E+000  0.000000E+000  0.000000E+000  0.000000E+000  0.000000E+000  0.000000E+000  0.000000E+000  0.000000E+000  0.000000E+000  0.000000E+000  0.000000E+000  0.000000E+000  0.000000E+000  0.000000E+000  0.000000E+000  0.000000E+000  0.000000E+000  0.000000E+000  0.000000E+000  0.000000E+000
    89.000  0.000000E+000  0.000000E+000 -0.896543E-001  0.213142E-003  0.000000E+000  0.000000E+000  0.000000E+000  0.000000E+000 -0.896543E-001 -0.213142E-003  0.000000E+000  0.000000E+000  0.000000E+000  0.000000E+000  0.000000E+000  0.000000E+000  0.000000E+000  0.000000E+000  0.000000E+000  0.000000E+000  0.000000E+000  0.000000E+000  0.000000E+000  0.000000E+000  0.000000E+000  0.000000E+000  0.000000E+000  0.000000E+000  0.000000E+000  0.000000E+000  0.000000E+000  0.000000E+000
    89.500  0.000000E+000  0.000000E+000 -0.897304E-001  0.208332E-003  0.000000E+000  0.000000E+000  0.000000E+000  0.000000E+000 -0.897304E-001 -0.208332E-003  0.000000E+000  0.000000E+000  0.000000E+000  0.000000E+000  0.000000E+000  0.000000E+000  0.000000E+000  0.000000E+000  0.000000E+000  0.000000E+000  0.000000E+000  0.000000E+000  0.000000E+000  0.000000E+000  0.000000E+000  0.000000E+000  0.000000E+000  0.000000E+000  0.000000E+000  0.000000E+000  0.000000E+000  0.000000E+000
    90.000  0.000000E+000  0.000000E+000 -0.898046E-001  0.203630E-003  0.000000E+000  0.000000E+000  0.000000E+000  0.000000E+000 -0.898046E-001 -0.203630E-003  0.000000E+000  0.000000E+000  0.000000E+000  0.000000E+000  0.000000E+000  0.000000E+000  0.000000E+000  0.000000E+000  0.000000E+000  0.000000E+000  0.000000E+000  0.000000E+000  0.000000E+000  0.000000E+000  0.000000E+000  0.000000E+000  0.000000E+000  0.000000E+000  0.000000E+000  0.000000E+000  0.000000E+000  0.000000E+000
    90.500  0.000000E+000  0.000000E+000 -0.898773E-001  0.199035E-003  0.000000E+000  0.000000E+000  0.000000E+000  0.000000E+000 -0.898773E-001 -0.199035E-003  0.000000E+000  0.000000E+000  0.000000E+000  0.000000E+000  0.000000E+000  0.000000E+000  0.000000E+000  0.000000E+000  0.000000E+000  0.000000E+000  0.000000E+000  0.000000E+000  0.000000E+000  0.000000E+000  0.000000E+000  0.000000E+000  0.000000E+000  0.000000E+000  0.000000E+000  0.000000E+000  0.000000E+000  0.000000E+000
    91.000  0.000000E+000  0.000000E+000 -0.899482E-001  0.194543E-003  0.000000E+000  0.000000E+000  0.000000E+000  0.000000E+000 -0.899482E-001 -0.194543E-003  0.000000E+000  0.000000E+000  0.000000E+000  0.000000E+000  0.000000E+000  0.000000E+000  0.000000E+000  0.000000E+000  0.000000E+000  0.000000E+000  0.000000E+000  0.000000E+000  0.000000E+000  0.000000E+000  0.000000E+000  0.000000E+000  0.000000E+000  0.000000E+000  0.000000E+000  0.000000E+000  0.000000E+000  0.000000E+000
    91.500  0.000000E+000  0.000000E+000 -0.900176E-001  0.190153E-003  0.000000E+000  0.000000E+000  0.000000E+000  0.000000E+000 -0.900176E-001 -0.190153E-003  0.000000E+000  0.000000E+000  0.000000E+000  0.000000E+000  0.000000E+000  0.000000E+000  0.000000E+000  0.000000E+000  0.000000E+000  0.000000E+000  0.000000E+000  0.000000E+000  0.000000E+000  0.000000E+000  0.000000E+000  0.000000E+000  0.000000E+000  0.000000E+000  0.000000E+000  0.000000E+000  0.000000E+000  0.000000E+000
    92.000  0.000000E+000  0.000000E+000 -0.900854E-001  0.185862E-003  0.000000E+000  0.000000E+000  0.000000E+000  0.000000E+000 -0.900854E-001 -0.185862E-003  0.000000E+000  0.000000E+000  0.000000E+000  0.000000E+000  0.000000E+000  0.000000E+000  0.000000E+000  0.000000E+000  0.000000E+000  0.000000E+000  0.000000E+000  0.000000E+000  0.000000E+000  0.000000E+000  0.000000E+000  0.000000E+000  0.000000E+000  0.000000E+000  0.000000E+000  0.000000E+000  0.000000E+000  0.000000E+000
    92.500  0.000000E+000  0.000000E+000 -0.901517E-001  0.181667E-003  0.000000E+000  0.000000E+000  0.000000E+000  0.000000E+000 -0.901517E-001 -0.181667E-003  0.000000E+000  0.000000E+000  0.000000E+000  0.000000E+000  0.000000E+000  0.000000E+000  0.000000E+000  0.000000E+000  0.000000E+000  0.000000E+000  0.000000E+000  0.000000E+000  0.000000E+000  0.000000E+000  0.000000E+000  0.000000E+000  0.000000E+000  0.000000E+000  0.000000E+000  0.000000E+000  0.000000E+000  0.000000E+000
    93.000  0.000000E+000  0.000000E+000 -0.902165E-001  0.177568E-003  0.000000E+000  0.000000E+000  0.000000E+000  0.000000E+000 -0.902165E-001 -0.177568E-003  0.000000E+000  0.000000E+000  0.000000E+000  0.000000E+000  0.000000E+000  0.000000E+000  0.000000E+000  0.000000E+000  0.000000E+000  0.000000E+000  0.000000E+000  0.000000E+000  0.000000E+000  0.000000E+000  0.000000E+000  0.000000E+000  0.000000E+000  0.000000E+000  0.000000E+000  0.000000E+000  0.000000E+000  0.000000E+000
    93.500  0.000000E+000  0.000000E+000 -0.902798E-001  0.173560E-003  0.000000E+000  0.000000E+000  0.000000E+000  0.000000E+000 -0.902798E-001 -0.173560E-003  0.000000E+000  0.000000E+000  0.000000E+000  0.000000E+000  0.000000E+000  0.000000E+000  0.000000E+000  0.000000E+000  0.000000E+000  0.000000E+000  0.000000E+000  0.000000E+000  0.000000E+000  0.000000E+000  0.000000E+000  0.000000E+000  0.000000E+000  0.000000E+000  0.000000E+000  0.000000E+000  0.000000E+000  0.000000E+000
    94.000  0.000000E+000  0.000000E+000 -0.903417E-001  0.169644E-003  0.000000E+000  0.000000E+000  0.000000E+000  0.000000E+000 -0.903417E-001 -0.169644E-003  0.000000E+000  0.000000E+000  0.000000E+000  0.000000E+000  0.000000E+000  0.000000E+000  0.000000E+000  0.000000E+000  0.000000E+000  0.000000E+000  0.000000E+000  0.000000E+000  0.000000E+000  0.000000E+000  0.000000E+000  0.000000E+000  0.000000E+000  0.000000E+000  0.000000E+000  0.000000E+000  0.000000E+000  0.000000E+000
    94.500  0.000000E+000  0.000000E+000 -0.904022E-001  0.165815E-003  0.000000E+000  0.000000E+000  0.000000E+000  0.000000E+000 -0.904022E-001 -0.165815E-003  0.000000E+000  0.000000E+000  0.000000E+000  0.000000E+000  0.000000E+000  0.000000E+000  0.000000E+000  0.000000E+000  0.000000E+000  0.000000E+000  0.000000E+000  0.000000E+000  0.000000E+000  0.000000E+000  0.000000E+000  0.000000E+000  0.000000E+000  0.000000E+000  0.000000E+000  0.000000E+000  0.000000E+000  0.000000E+000
    95.000  0.000000E+000  0.000000E+000 -0.904613E-001  0.162073E-003  0.000000E+000  0.000000E+000  0.000000E+000  0.000000E+000 -0.904613E-001 -0.162073E-003  0.000000E+000  0.000000E+000  0.000000E+000  0.000000E+000  0.000000E+000  0.000000E+000  0.000000E+000  0.000000E+000  0.000000E+000  0.000000E+000  0.000000E+000  0.000000E+000  0.000000E+000  0.000000E+000  0.000000E+000  0.000000E+000  0.000000E+000  0.000000E+000  0.000000E+000  0.000000E+000  0.000000E+000  0.000000E+000
    95.500  0.000000E+000  0.000000E+000 -0.905191E-001  0.158416E-003  0.000000E+000  0.000000E+000  0.000000E+000  0.000000E+000 -0.905191E-001 -0.158416E-003  0.000000E+000  0.000000E+000  0.000000E+000  0.000000E+000  0.000000E+000  0.000000E+000  0.000000E+000  0.000000E+000  0.000000E+000  0.000000E+000  0.000000E+000  0.000000E+000  0.000000E+000  0.000000E+000  0.000000E+000  0.000000E+000  0.000000E+000  0.000000E+000  0.000000E+000  0.000000E+000  0.000000E+000  0.000000E+000
    96.000  0.000000E+000  0.000000E+000 -0.905756E-001  0.154841E-003  0.000000E+000  0.000000E+000  0.000000E+000  0.000000E+000 -0.905756E-001 -0.154841E-003  0.000000E+000  0.000000E+000  0.000000E+000  0.000000E+000  0.000000E+000  0.000000E+000  0.000000E+000  0.000000E+000  0.000000E+000  0.000000E+000  0.000000E+000  0.000000E+000  0.000000E+000  0.000000E+000  0.000000E+000  0.000000E+000  0.000000E+000  0.000000E+000  0.000000E+000  0.000000E+000  0.000000E+000  0.000000E+000
    96.500  0.000000E+000  0.000000E+000 -0.906308E-001  0.151346E-003  0.000000E+000  0.000000E+000  0.000000E+000  0.000000E+000 -0.906308E-001 -0.151346E-003  0.000000E+000  0.000000E+000  0.000000E+000  0.000000E+000  0.000000E+000  0.000000E+000  0.000000E+000  0.000000E+000  0.000000E+000  0.000000E+000  0.000000E+000  0.000000E+000  0.000000E+000  0.000000E+000  0.000000E+000  0.000000E+000  0.000000E+000  0.000000E+000  0.000000E+000  0.000000E+000  0.000000E+000  0.000000E+000
    97.000  0.000000E+000  0.000000E+000 -0.906847E-001  0.147931E-003  0.000000E+000  0.000000E+000  0.000000E+000  0.000000E+000 -0.906847E-001 -0.147931E-003  0.000000E+000  0.000000E+000  0.000000E+000  0.000000E+000  0.000000E+000  0.000000E+000  0.000000E+000  0.000000E+000  0.000000E+000  0.000000E+000  0.000000E+000  0.000000E+000  0.000000E+000  0.000000E+000  0.000000E+000  0.000000E+000  0.000000E+000  0.000000E+000  0.000000E+000  0.000000E+000  0.000000E+000  0.000000E+000
    97.500  0.000000E+000  0.000000E+000 -0.907375E-001  0.144592E-003  0.000000E+000  0.000000E+000  0.000000E+000  0.000000E+000 -0.907375E-001 -0.144592E-003  0.000000E+000  0.000000E+000  0.000000E+000  0.000000E+000  0.000000E+000  0.000000E+000  0.000000E+000  0.000000E+000  0.000000E+000  0.000000E+000  0.000000E+000  0.000000E+000  0.000000E+000  0.000000E+000  0.000000E+000  0.000000E+000  0.000000E+000  0.000000E+000  0.000000E+000  0.000000E+000  0.000000E+000  0.000000E+000
    98.000  0.000000E+000  0.000000E+000 -0.907891E-001  0.141329E-003  0.000000E+000  0.000000E+000  0.000000E+000  0.000000E+000 -0.907891E-001 -0.141329E-003  0.000000E+000  0.000000E+000  0.000000E+000  0.000000E+000  0.000000E+000  0.000000E+000  0.000000E+000  0.000000E+000  0.000000E+000  0.000000E+000  0.000000E+000  0.000000E+000  0.000000E+000  0.000000E+000  0.000000E+000  0.000000E+000  0.000000E+000  0.000000E+000  0.000000E+000  0.000000E+000  0.000000E+000  0.000000E+000
    98.500  0.000000E+000  0.000000E+000 -0.908395E-001  0.138140E-003  0.000000E+000  0.000000E+000  0.000000E+000  0.000000E+000 -0.908395E-001 -0.138140E-003  0.000000E+000  0.000000E+000  0.000000E+000  0.000000E+000  0.000000E+000  0.000000E+000  0.000000E+000  0.000000E+000  0.000000E+000  0.000000E+000  0.000000E+000  0.000000E+000  0.000000E+000  0.000000E+000  0.000000E+000  0.000000E+000  0.000000E+000  0.000000E+000  0.000000E+000  0.000000E+000  0.000000E+000  0.000000E+000
    99.000  0.000000E+000  0.000000E+000 -0.908887E-001  0.135022E-003  0.000000E+000  0.000000E+000  0.000000E+000  0.000000E+000 -0.908887E-001 -0.135022E-003  0.000000E+000  0.000000E+000  0.000000E+000  0.000000E+000  0.000000E+000  0.000000E+000  0.000000E+000  0.000000E+000  0.000000E+000  0.000000E+000  0.000000E+000  0.000000E+000  0.000000E+000  0.000000E+000  0.000000E+000  0.000000E+000  0.000000E+000  0.000000E+000  0.000000E+000  0.000000E+000  0.000000E+000  0.000000E+000
    99.500  0.000000E+000  0.000000E+000 -0.909369E-001  0.131975E-003  0.000000E+000  0.000000E+000  0.000000E+000  0.000000E+000 -0.909369E-001 -0.131975E-003  0.000000E+000  0.000000E+000  0.000000E+000  0.000000E+000  0.000000E+000  0.000000E+000  0.000000E+000  0.000000E+000  0.000000E+000  0.000000E+000  0.000000E+000  0.000000E+000  0.000000E+000  0.000000E+000  0.000000E+000  0.000000E+000  0.000000E+000  0.000000E+000  0.000000E+000  0.000000E+000  0.000000E+000  0.000000E+000
   100.000  0.000000E+000  0.000000E+000 -0.909839E-001  0.128997E-003  0.000000E+000  0.000000E+000  0.000000E+000  0.000000E+000 -0.909839E-001 -0.128997E-003  0.000000E+000  0.000000E+000  0.000000E+000  0.000000E+000  0.000000E+000  0.000000E+000  0.000000E+000  0.000000E+000  0.000000E+000  0.000000E+000  0.000000E+000  0.000000E+000  0.000000E+000  0.000000E+000  0.000000E+000  0.000000E+000  0.000000E+000  0.000000E+000  0.000000E+000  0.000000E+000  0.000000E+000  0.000000E+000
